0 0 0 0
4
0 46.695272172376178 19.580362963182210
1 51.338034023848081 25.114736709748719
2 50.360851313919028 25.114736709748719
3 45.426047301708081 21.778724925409392
1 2
0 3
1 1 1 1
6
0 38.939516508822294 17.215747595949892
1 47.342925680135124 18.458594182043498
2 52.265161601466652 25.114736709748719
3 49.565819856307940 35.621044890434291
4 36.956136255855256 36.449041192415280
5 31.824383700767257 25.114736709748719
2 5
0 3
1 4
2 2 2 2
6
0 38.544765039155664 16.532017994124772
1 47.626090108046014 17.968139006005686
2 52.950162052995204 25.114736709748719
3 49.929355120549872 36.250706438444240
4 36.606588178160393 37.054476222670814
5 31.330769563594959 25.114736709748719
2 5
0 3
1 4
3 3 3 3
6
0 38.405421322353277 16.290667596907497
1 47.809744296742963 17.650040620159757
2 53.212879455522355 25.114736709748719
3 50.089430711401974 36.527965494851742
4 36.476578875962673 37.279658939533874
5 31.063242900064402 25.114736709748719
2 5
0 3
1 4
4 4 4 4
6
0 38.266079086293701 16.049319764412076
1 47.934336558793404 17.434240492058393
2 53.468049875841068 25.114736709748719
3 50.211464815439626 36.739334763301031
4 36.347989096457241 37.502382970971325
5 30.795714097975392 25.114736709748719
2 5
0 3
1 4
5 5 5 5
6
0 38.126735756447886 15.807970037423388
1 48.058928061993583 17.218441678324325
2 53.722685100679129 25.114736709748719
3 50.329166577048056 36.943200194547103
4 36.224779230002753 37.715788719664374
5 30.535313887825993 25.114736709748719
2 5
0 3
1 4
6 6 6 6
6
0 37.981163233496773 15.555831031486036
1 48.183520580187064 17.002641106570309
2 53.972507114777855 25.114736709748719
3 50.446869351238149 37.147067379636269
4 36.106958887519966 37.919859539009735
5 30.295218436132949 25.114736709748719
2 5
0 3
1 4
7 7 7 7
6
0 37.835073699380246 15.302796535942093
1 48.308112813543971 16.786841028167601
2 54.222328918448945 25.114736709748719
3 50.564570996266013 37.350932608958942
4 35.989139639679877 38.123928462378217
5 30.055123549689903 25.114736709748719
2 5
0 3
1 4
8 8 8 8
6
0 37.691874510278808 15.054768264815834
1 48.432704518924481 16.571041864246922
2 54.472150614924921 25.114736709748719
3 50.679239451297406 37.549544199098818
4 35.871320127774766 38.327997843120897
5 29.815027029779912 25.114736709748719
2 5
0 3
1 4
9 9 9 9
6
0 37.565868452627285 14.836519370901783
1 48.557296772553570 16.355241750731921
2 54.719507408384807 25.114736709748719
3 50.793020844400587 37.746619352909420
4 35.753500007953221 38.532068276805603
5 29.574931002572299 25.114736709748719
2 5
0 3
1 4
10 10 10 10
6
0 37.439862434118538 14.618270544785219
1 48.681888250182851 16.139442981287743
2 54.937539268683111 25.114736709748719
3 50.906801135411342 37.943692597840027
4 35.635680154313889 38.736138249449255
5 29.334836037012369 25.114736709748719
2 5
0 3
1 4
11 11 11 11
6
0 37.313856614935844 14.400022063911479
1 48.806480248127798 15.923643310630723
2 55.155568591709823 25.114736709748719
3 51.020583640574500 38.140769677794992
4 35.523418912434011 38.930580424105983
5 29.094741044755008 25.114736709748719
2 5
0 3
1 4
12 12 12 12
6
0 37.187850473143840 14.181773024261929
1 48.932701507357251 15.705021676649949
2 55.373602118615345 25.114736709748719
3 51.134364059636084 38.337843144516228
4 35.431106980855361 39.090469379745059
5 28.854645488092782 25.114736709748719
2 5
0 3
1 4
13 13 13 13
6
0 37.064136821330806 13.967494693731965
1 49.038582002913301 15.521631278816358
2 55.591632272881888 25.114736709748719
3 51.248145432194121 38.534918262741712
4 35.338718032874453 39.250491731705779
5 28.643329283102695 25.114736709748719
2 5
0 3
1 4
14 14 14 14
6
0 36.942907849187577 13.757519954630425
1 49.126641214237054 15.369108250729141
2 55.803253875371759 25.114736709748719
3 51.361925722824935 38.731991507014186
4 35.242913826976633 39.416429483899719
5 28.442104085616990 25.114736709748719
2 5
0 3
1 4
15 15 15 15
6
0 36.821678424917138 13.547544432421887
1 49.215382773455133 15.215403361420499
2 55.969760880788805 25.114736709748719
3 51.506437815942547 38.982293794602015
4 35.147110505789783 39.582365703729124
5 28.269533263536982 25.114736709748719
2 5
0 3
1 4
16 16 16 16
6
0 36.704081020616854 13.343859753335437
1 49.304872430712976 15.060402728297959
2 56.115885704775174 25.114736709748719
3 51.579818495281415 39.109392859510763
4 35.069106408970697 39.717472762618286
5 28.105106507638524 25.114736709748719
2 5
0 3
1 4
17 17 17 17
6
0 36.619538493199400 13.197427800448168
1 49.394363049826325 14.905400429192923
2 56.262007306276551 25.114736709748719
3 51.647810592259361 39.227158625989773
4 34.997654633668276 39.841230867733088
5 27.940680856061821 25.114736709748719
2 5
0 3
1 4
18 18 18 18
6
0 36.609145785383191 13.179427102482350
1 49.483852414633532 14.750400302609705
2 56.408129467702402 25.114736709748719
3 51.715801467919505 39.344922277084265
4 34.932171857676394 39.954650362771645
5 27.781790044999859 25.114736709748719
2 5
0 3
1 4
19 19 19 19
6
0 36.452439351350506 12.908003596864773
1 49.573342964475387 14.595398123486348
2 56.554254766776914 25.114736709748719
3 51.783794794389962 39.462690173106694
4 34.868271979679434 40.065328198059888
5 27.644238903401181 25.114736709748719
2 5
0 3
1 4
20 20 20 20
6
0 36.346134248224359 12.723877757146397
1 49.662832695391614 14.440397362783870
2 56.700376756493782 25.114736709748719
3 51.851786940239037 39.580456024232944
4 34.804372118513413 40.176006004195983
5 27.509346917126631 25.114736709748719
2 5
0 3
1 4
21 21 21 21
6
0 36.263295094176840 12.580396133480122
1 49.752322508609268 14.285396459530944
2 56.846498792825102 25.114736709748719
3 51.919777769883297 39.698219595625574
4 34.740471360285824 40.286685364088385
5 27.381751386410521 25.114736709748719
2 5
0 3
1 4
22 22 22 22
6
0 36.210312603607747 12.488627767902926
1 49.788916383405763 14.222014009137638
2 56.992623982872779 25.114736709748719
3 51.986897559888689 39.814474482108267
4 34.676572516515762 40.397361408043025
5 27.257620006036476 25.114736709748719
2 5
0 3
1 4
23 23 23 23
6
0 36.133284075286554 12.355210443218311
1 49.831350734829073 14.148515556486245
2 57.126943940347516 25.114736709748719
3 52.053915572209178 39.930553084469580
4 34.613460365208425 40.506674860682324
5 27.133488263913165 25.114736709748719
2 5
0 3
1 4
24 24 24 24
6
0 36.045025259016256 12.202341689222294
1 49.890898824740020 14.045375239266832
2 57.242252306591318 25.114736709748719
3 52.120936187388907 40.046636195115411
4 34.551541817351222 40.613920931501866
5 27.009355530657182 25.114736709748719
2 5
0 3
1 4
25 25 25 25
6
0 35.964790278739486 12.063370626838605
1 49.952753841949743 13.938239206756407
2 57.357136319033714 25.114736709748719
3 52.187955391238404 40.162716861265494
4 34.489622150741297 40.721168940057964
5 26.885223421121644 25.114736709748719
2 5
0 3
1 4
26 26 26 26
6
0 35.902208818013889 11.954976357249961
1 50.014608982574714 13.831102960484714
2 57.472017316495787 25.114736709748719
3 52.254973343151335 40.278795358997968
4 34.430858055850081 40.822951338070425
5 26.761090406266696 25.114736709748719
2 5
0 3
1 4
27 27 27 27
6
0 35.839627851504702 11.846582943669318
1 50.076465056023551 13.723965098514668
2 57.574984412252832 25.114736709748719
3 52.321992719650211 40.394876324185702
4 34.378713287483038 40.913268726231081
5 26.669510504650944 25.114736709748719
2 5
0 3
1 4
28 28 28 28
6
0 35.777047155725256 11.738189999006295
1 50.138320049681738 13.616829106796786
2 57.662602125828364 25.114736709748719
3 52.389010928448442 40.510955266856399
4 34.326568368276241 41.003586375653754
5 26.590480696802615 25.114736709748719
2 5
0 3
1 4
29 29 29 29
6
0 35.714466204533380 11.629796611955953
1 50.200175151779376 13.509692927256310
2 57.750220565523357 25.114736709748719
3 52.438627197138999 40.596893165110487
4 34.274423680956033 41.093903623437200
5 26.511451073534900 25.114736709748719
2 5
0 3
1 4
30 30 30 30
6
0 35.651885349941836 11.521403392222396
1 50.262031197869931 13.402555112672189
2 57.837838945316030 25.114736709748719
3 52.478346880769152 40.665689675218459
4 34.223551466848448 41.182016882964945
5 26.432421276304886 25.114736709748719
2 5
0 3
1 4
31 31 31 31
6
0 35.589304766803195 11.413010642658946
1 50.323886293745829 13.295418943908089
2 57.924688474939160 25.114736709748719
3 52.518066100168653 40.734485381255354
4 34.179179055802251 41.258872153351263
5 26.352713017409101 25.114736709748719
2 5
0 3
1 4
32 32 32 32
6
0 35.526723464537383 11.304616647530793
1 50.385741274136024 13.188282975171091
2 58.010678493910333 25.114736709748719
3 52.557785937506765 40.803282157593344
4 34.134806225638954 41.335728149669762
5 26.272701162939700 25.114736709748719
2 5
0 3
1 4
33 33 33 33
6
0 35.464142781634052 11.196223725169830
1 50.447597074219914 13.081145586682965
2 58.096668905026512 25.114736709748719
3 52.599251805410859 40.875103147583104
4 34.090432402516456 41.412585865843994
5 26.192691412348392 25.114736709748719
2 5
0 3
1 4
34 34 34 34
6
0 35.401562212351791 11.087830999606354
1 50.497638565224918 12.994471181775793
2 58.182659087440044 25.114736709748719
3 52.643406172570110 40.951580754879046
4 34.047980028542042 41.486115534469604
5 26.112679721148364 25.114736709748719
2 5
0 3
1 4
35 35 35 35
6
0 35.338981028826652 10.979437210143033
1 50.541135910520950 12.919131569728734
2 58.268646002539811 25.114736709748719
3 52.687562073196432 41.028061018217727
4 34.011734230873344 41.548895097592776
5 26.032668282445446 25.114736709748719
2 5
0 3
1 4
36 36 36 36
6
0 35.276400343251225 10.871044283153878
1 50.584632766687150 12.843792804879286
2 58.354636187918288 25.114736709748719
3 52.731717394078942 41.104540277410820
4 33.975487339840925 41.611676554477299
5 25.952656313946683 25.114736709748719
2 5
0 3
1 4
37 37 37 37
6
0 35.213672941584889 10.762397236440961
1 50.628130061915158 12.768453279552546
2 58.440626438520731 25.114736709748719
3 52.775871444866652 41.181017336735067
4 33.939240764393389 41.674457464752777
5 25.872645142719762 25.114736709748719
2 5
0 3
1 4
38 38 38 38
6
0 35.150711236415987 10.653344364157306
1 50.671627001462866 12.693114370282160
2 58.526616933022517 25.114736709748719
3 52.820026707561055 41.257496495143414
4 33.903004743291206 41.737220094365966
5 25.792633321253877 25.114736709748719
2 5
0 3
1 4
39 39 39 39
6
0 35.104526506580612 10.573350065548539
1 50.715124217179778 12.617774982672699
2 58.612609573160427 25.114736709748719
3 52.862618011138920 41.331266796900763
4 33.866792506009006 41.799941529194371
5 25.712621067631691 25.114736709748719
2 5
0 3
1 4
40 40 40 40
6
0 35.058535496585307 10.493691299545389
1 50.758620738729860 12.542436797395453
2 58.665832081063279 25.114736709748719
3 52.894002194124369 41.385625796385625
4 33.830581710177910 41.862660467356363
5 25.632610371494145 25.114736709748719
2 5
0 3
1 4
41 41 41 41
6
0 35.010779705168659 10.410975842456082
1 50.802117976119405 12.467097372247963
2 58.716505108304240 25.114736709748719
3 52.925386069049637 41.439984262294615
4 33.794369530828249 41.925381801842718
5 25.555977180271888 25.114736709748719
2 5
0 3
1 4
42 42 42 42
6
0 34.959667109811960 10.322446230391506
1 50.845614974739192 12.391758360661697
2 58.767175043110342 25.114736709748719
3 52.956771022270118 41.494344595865641
4 33.758459020664930 41.987580629971376
5 25.488935296047607 25.114736709748719
2 5
0 3
1 4
43 43 43 43
6
0 34.908554702205890 10.233916943520626
1 50.889357448443377 12.315994173757304
2 58.817846539637969 25.114736709748719
3 52.988154874922600 41.548703023197049
4 33.734999471543119 42.028213760973017
5 25.421891987191742 25.114736709748719
2 5
0 3
1 4
44 44 44 44
6
0 34.859119926425365 10.148293400207990
1 50.933275884132513 12.239925211754667
2 58.868516977013186 25.114736709748719
3 53.019539875716646 41.603063439167840
4 33.711541944857458 42.068843389012500
5 25.354850030833784 25.114736709748719
2 5
0 3
1 4
45 45 45 45
6
0 34.821960366587518 10.083931154581933
1 50.977193989572754 12.163856821760078
2 58.919189321397688 25.114736709748719
3 53.050923694559060 41.657421807938476
4 33.688081830965757 42.109477498224123
5 25.287806818346393 25.114736709748719
2 5
0 3
1 4
46 46 46 46
6
0 34.784800432737597 10.019568261147924
1 51.021112658452125 12.087787455860166
2 58.969860869298437 25.114736709748719
3 53.082307290857273 41.711779791251161
4 33.664623732336736 42.150108116898650
5 25.225771109813056 25.114736709748719
2 5
0 3
1 4
47 47 47 47
6
0 34.747640433154174 9.955205253860299
1 51.047335728032522 12.042367767016572
2 59.015618006493661 25.114736709748719
3 53.113692551359293 41.766140657049391
4 33.641164344812466 42.190740968005116
5 25.179234858753624 25.114736709748719
2 5
0 3
1 4
48 48 48 48
6
0 34.701871278306044 9.875930752243789
1 51.070811773129037 12.001706064148607
2 59.059201330847351 25.114736709748719
3 53.144367240773988 41.819270777622137
4 33.617705699483054 42.231372533592435
5 25.132699578199855 25.114736709748719
2 5
0 3
1 4
49 49 49 49
6
0 34.660461180824541 9.804206359459386
1 51.099039565428370 11.952814093700681
2 59.102784232973086 25.114736709748719
3 53.175022757092052 41.872367689417274
4 33.594246020136268 42.272005890150353
5 25.086163241099651 25.114736709748719
2 5
0 3
1 4
50 50 50 50
6
0 34.628435515781916 9.748736280459411
1 51.127268964493851 11.903919340252060
2 59.146367153081236 25.114736709748719
3 53.202876592299447 41.920611947182124
4 33.570787114375605 42.312637906817827
5 25.039627968824266 25.114736709748719
2 5
0 3
1 4
51 51 51 51
6
0 34.596409346491384 9.693265328076450
1 51.154749950083044 11.856320876969562
2 59.189949446351484 25.114736709748719
3 53.220706755842002 41.951494696345094
4 33.547207026349156 42.353479817326502
5 24.993091714877231 25.114736709748719
2 5
0 3
1 4
52 52 52 52
6
0 34.564383282081451 9.637794557351867
1 51.179873419186890 11.812805752019244
2 59.229503437006187 25.114736709748719
3 53.238535511647228 41.982375007235419
4 33.522536904154549 42.396209722396520
5 24.946556463458105 25.114736709748719
2 5
0 3
1 4
53 53 53 53
6
0 34.532358210730649 9.582325506656275
1 51.204996625935848 11.769291081481015
2 59.268471040044041 25.114736709748719
3 53.256365435498651 42.013257341241228
4 33.497868207452314 42.438937158441263
5 24.900021018716231 25.114736709748719
2 5
0 3
1 4
54 54 54 54
6
0 34.497588558887912 9.522102703103201
1 51.230119789354490 11.725776485993151
2 59.307438717038281 25.114736709748719
3 53.272925248324839 42.041939778420101
4 33.479699914292496 42.470405565280885
5 24.853485802909592 25.114736709748719
2 5
0 3
1 4
55 55 55 55
6
0 34.459762353176529 9.456585792953661
1 51.255242908472610 11.682261967235945
2 59.346406173798464 25.114736709748719
3 53.286799055649624 42.065969917600910
4 33.470760584215725 42.485888939159508
5 24.806949485158679 25.114736709748719
2 5
0 3
1 4
56 56 56 56
6
0 34.436010871423036 9.415447019801491
1 51.280366224352292 11.638747107677659
2 59.385373701390066 25.114736709748719
3 53.300674974180367 42.090003713497822
4 33.453975527593968 42.514961510036301
5 24.781754580735676 25.114736709748719
2 5
0 3
1 4
57 57 57 57
6
0 34.413154278308582 9.375858239239278
1 51.305490151893878 11.595231188690036
2 59.424339628526830 25.114736709748719
3 53.314548924946280 42.114034101126208
4 33.432370938723864 42.552381755635906
5 24.771968818214038 25.114736709748719
2 5
0 3
1 4
58 58 58 58
6
0 34.390297466799097 9.336269080405827
1 51.322544795943543 11.565691678690996
2 59.463309616653177 25.114736709748719
3 53.328422986969315 42.138064681457422
4 33.410766741696591 42.589801322543849
5 24.762182093804515 25.114736709748719
2 5
0 3
1 4
59 59 59 59
6
0 34.367440720186835 9.296680033977623
1 51.339550055872564 11.536237704498035
2 59.502276901208347 25.114736709748719
3 53.342297597802997 42.162096212356687
4 33.389161932855529 42.627221949144428
5 24.752397264301049 25.114736709748719
2 5
0 3
1 4
60 60 60 60
6
0 34.347592242341932 9.262301461897323
1 51.356556280609027 11.506782059209513
2 59.538678430766268 25.114736709748719
3 53.356172744565356 42.186128671511483
4 33.380562875472549 42.642115953428970
5 24.742611626434549 25.114736709748719
2 5
0 3
1 4
61 61 61 61
6
0 34.328645495600028 9.229484733902382
1 51.373562466573730 11.477326481075693
2 59.550641668391577 25.114736709748719
3 53.363054211126212 42.198047721225521
4 33.372487397725706 42.656103091181876
5 24.732826028981929 25.114736709748719
2 5
0 3
1 4
62 62 62 62
6
0 34.309699333773608 9.196669019010528
1 51.387615852934232 11.452985301880858
2 59.559196564862638 25.114736709748719
3 53.365957330981644 42.203076072315525
4 33.364413607313452 42.670087306385653
5 24.723039262216965 25.114736709748719
2 5
0 3
1 4
63 63 63 63
6
0 34.290752414445421 9.163851992087189
1 51.400199267142511 11.431190189139443
2 59.567751373181252 25.114736709748719
3 53.368860644567519 42.208104758956665
4 33.359990737134638 42.677747942250562
5 24.713254419176479 25.114736709748719
2 5
0 3
1 4
64 64 64 64
6
0 34.271805933752603 9.131035724902631
1 51.412783102564049 11.409394346835370
2 59.573580854190588 25.114736709748719
3 53.371763839593939 42.213133240246634
4 33.358528963810784 42.680279807916691
5 24.703468808539281 25.114736709748719
2 5
0 3
1 4
65 65 65 65
6
0 34.252858953615714 9.098218592655485
1 51.425367304494728 11.387597869718661
2 59.578887800224287 25.114736709748719
3 53.374667018390483 42.218161693425714
4 33.357065899458235 42.682813909710035
5 24.693682054725841 25.114736709748719
2 5
0 3
1 4
66 66 66 66
6
0 34.233912525616006 9.065402416738038
1 51.437950124935639 11.365803785412481
2 59.584196694209901 25.114736709748719
3 53.377570318664823 42.223190357010481
4 33.355603489939199 42.685346877298457
5 24.683897183325282 25.114736709748719
2 5
0 3
1 4
67 67 67 67
6
0 24.674111227544646 25.114736709748719
1 33.354141023004388 42.687879944333872
2 53.380474238126112 42.228220093058553
3 59.589502242543297 25.114736709748719
4 51.450534099870026 11.344007701464875
5 34.214966078116220 9.032586207045483
0 3
2 5
1 4
68 68 68 68
6
0 24.664325178941773 25.114736709748719
1 33.352678106957683 42.690413789253967
2 53.383376738726270 42.233247371567018
3 59.594811890373776 25.114736709748719
4 51.463118356726341 11.322211129214338
5 34.197884758551254 9.003000493698664
0 3
2 5
1 4
69 69 69 69
6
0 24.654540203088747 25.114736709748719
1 33.351214816558070 42.692948282572388
2 53.386280637864786 42.238277072415030
3 59.600118524668687 25.114736709748719
4 51.473480877934946 11.304262715986511
5 34.191745297399279 8.992366635052349
0 3
2 5
1 4
70 70 70 70
6
0 24.644753627225914 25.114736709748719
1 33.349752016127979 42.695481927238689
2 53.389687154212936 42.244177331806782
3 59.605424968836324 25.114736709748719
4 51.482701478472904 11.288292167378472
5 34.185605349839363 8.981731933922788
0 3
2 5
1 4
71 71 71 71
6
0 24.635219973928255 25.114736709748719
1 33.348289870714837 42.698014437382199
2 53.393679041093151 42.251091482701327
3 59.610734764149392 25.114736709748719
4 51.490850823232677 11.274177088206102
5 34.181547862958496 8.974704160494070
0 3
2 5
1 4
72 72 72 72
6
0 24.626278577478203 25.114736709748719
1 33.346826717707188 42.700548692730763
2 53.397669805864325 42.258003690046166
3 59.616041077460224 25.114736709748719
4 51.493414965992883 11.269735862667630
5 34.182931924021034 8.977101424575153
0 3
2 5
1 4
73 73 73 73
6
0 34.184315952219094 8.979498631733350
1 51.495979400072144 11.265294132549684
2 59.621347296578080 25.114736709748719
3 53.401660943335912 42.264916542926926
4 33.345364498769754 42.703081330222176
5 24.617339067167403 25.114736709748719
2 5
0 3
1 4
74 74 74 74
6
0 34.185699376015293 8.981894792036655
1 51.493649997231046 11.269328776621705
2 59.626657150500570 25.114736709748719
3 53.397473650619702 42.257663939196277
4 33.343901716467599 42.705614943489877
5 24.608398098137215 25.114736709748719
2 5
0 3
1 4
75 75 75 75
6
0 34.187082875433418 8.984291083321182
1 51.487543210428782 11.279906041634263
2 59.631790397547903 25.114736709748719
3 53.392675221032732 42.249352815355110
4 33.344056978350523 42.705346022020194
5 24.599458301213161 25.114736709748719
2 5
0 3
1 4
76 76 76 76
6
0 34.190925851050508 8.990947312342200
1 51.481436669997890 11.290482879919068
2 59.636270298421834 25.114736709748719
3 53.387876301553149 42.241040842994948
4 33.348648756343209 42.697392829239789
5 24.594000348083075 25.114736709748719
2 5
0 3
1 4
77 77 77 77
6
0 34.195982810329156 8.999706222744635
1 51.475329326973508 11.301061108336512
2 59.640753946511801 25.114736709748719
3 53.383078925142456 42.232731543308660
4 33.353239823074546 42.689440868400197
5 24.596185853620263 25.114736709748719
2 5
0 3
1 4
78 78 78 78
6
0 34.201040030537570 9.008465585090562
1 51.469222925685983 11.311637705617954
2 59.645233739766525 25.114736709748719
3 53.374848653549407 42.218476294749394
4 33.357832085885093 42.681486835890610
5 24.598369567941823 25.114736709748719
2 5
0 3
1 4
79 79 79 79
6
0 34.206096725522912 9.017224037723622
1 51.463116164116116 11.322214926926677
2 59.800148519190394 25.114736709748719
3 53.366140429245775 42.203393207811814
4 33.362422785499575 42.673535510915940
5 24.595621955832353 25.114736709748719
2 5
0 3
1 4
80 80 80 80
6
0 34.211153425815326 9.025982499548718
1 51.454214894792415 11.337632377647083
2 60.113099133725804 25.114736709748719
3 53.357430751354514 42.188307603186558
4 33.368823412631627 42.662449299523018
5 24.309850095259637 25.114736709748719
2 5
0 3
1 4
81 81 81 81
6
0 23.947751014715635 25.114736709748719
1 33.378559187612325 42.645586442605463
2 53.348722625711332 42.173224687133938
3 60.426051611006145 25.114736709748719
4 51.444897684009106 11.353770260108718
5 34.216211105449645 9.034742657643847
0 3
2 5
1 4
82 82 82 82
6
0 23.627014725755810 25.114736709748719
1 33.388296275287701 42.628721312033804
2 53.340012539707345 42.158138375636668
3 60.738998474220821 25.114736709748719
4 51.435580176551355 11.369908656425423
5 34.221420039862892 9.043764796700884
0 3
2 5
1 4
83 83 83 83
6
0 23.401888655135863 25.114736709748719
1 33.398033248694503 42.611856379381265
2 53.331303515932063 42.143053903973623
3 60.973946082397404 25.114736709748719
4 51.426263029154541 11.386046429098201
5 34.226776330636085 9.053042164460066
0 3
2 5
1 4
84 84 84 84
6
0 23.218942408165947 25.114736709748719
1 33.407770441263324 42.594991067129058
2 53.322595023804183 42.127970353150886
3 61.132928024448582 25.114736709748719
4 51.416944769396480 11.402186128437393
5 34.232132135627239 9.062318690820234
0 3
2 5
1 4
85 85 85 85
6
0 23.037004607384123 25.114736709748719
1 33.417506415254934 42.578127865514489
2 53.313885638722297 42.112885255686365
3 61.291909511391012 25.114736709748719
4 51.406485728378470 11.420301718878932
5 34.237488039908499 9.071595389155846
0 3
2 5
1 4
86 86 86 86
6
0 22.868702674903702 25.114736709748719
1 33.427244545375117 42.561260929375521
2 53.305177799564888 42.097802835841549
3 61.450894733144338 25.114736709748719
4 51.395925791634284 11.438592065844659
5 34.247090412326600 9.088227186057111
0 3
2 5
1 4
87 87 87 87
6
0 22.747299168851470 25.114736709748719
1 33.436980688031497 42.544397435625001
2 53.296468481876957 42.082717855106694
3 61.565106369816277 25.114736709748719
4 51.385366514120847 11.456881270989129
5 34.267089921905608 9.122867352774506
0 3
2 5
1 4
88 88 88 88
6
0 22.638235894658649 25.114736709748719
1 33.446717942268435 42.527532016560372
2 53.287758629467419 42.067631948207008
3 61.646302659144737 25.114736709748719
4 51.374807942712152 11.475169253124363
5 34.287090275155947 9.157508980773400
0 3
2 5
1 4
89 89 89 89
6
0 22.552520941871411 25.114736709748719
1 33.456454536333354 42.510667740947270
2 53.279050041774553 42.052548231860783
3 61.727499409757151 25.114736709748719
4 51.364248159539954 11.493459334095519
5 34.307089918328757 9.192149378881936
0 3
2 5
1 4
90 90 90 90
6
0 22.470338424962151 25.114736709748719
1 33.466190702289168 42.493804206840878
2 53.270340735697914 42.037463271237357
3 61.808695596679506 25.114736709748719
4 51.353688506397191 11.511749189849070
5 34.327089439243366 9.226789565233162
0 3
2 5
1 4
91 91 91 91
6
0 22.388154266750480 25.114736709748719
1 33.476654563649731 42.475680267321081
2 53.261631931090164 42.022379179183531
3 61.889891771775339 25.114736709748719
4 51.343129621495279 11.530037714970490
5 34.347089735401312 9.261431094345085
0 3
2 5
1 4
92 92 92 92
6
0 22.305970623835528 25.114736709748719
1 33.490865849103272 42.451065598874607
2 53.252922620244192 42.007294210299392
3 61.967905025643461 25.114736709748719
4 51.332570392177900 11.548326836636875
5 34.367089515843873 9.296071730211793
0 3
2 5
1 4
93 93 93 93
6
0 22.244317917596501 25.114736709748719
1 33.505075680584355 42.426453448782468
2 53.243717419550933 41.991350335004881
3 62.015034955265946 25.114736709748719
4 51.322010305079004 11.566617444024587
5 34.387089858149636 9.330713339254203
0 3
2 5
1 4
94 94 94 94
6
0 22.206619660536976 25.114736709748719
1 33.519285385346450 42.401841518173910
2 53.231981103187877 41.971022438770319
3 62.050234849805825 25.114736709748719
4 51.310730462484742 11.586154704499222
5 34.407089048447858 9.365352952960961
0 3
2 5
1 4
95 95 95 95
6
0 22.170082541299937 25.114736709748719
1 33.533494397386107 42.377230787395888
2 53.220244717814580 41.950694423006553
3 62.085432626055088 25.114736709748719
4 51.299440450763939 11.605709578417645
5 34.428432599144344 9.402321067181106
0 3
2 5
1 4
96 96 96 96
6
0 22.133546180993505 25.114736709748719
1 33.547704757298789 42.352617722033301
2 53.208508279970715 41.930366316361074
3 62.120630533722242 25.114736709748719
4 51.288151010634806 11.625263462310272
5 34.450449387054618 9.440455262461228
0 3
2 5
1 4
97 97 97 97
6
0 22.097008232626976 25.114736709748719
1 33.561914490544552 42.328005742089545
2 53.196771801301566 41.910038139004200
3 62.155827949398912 25.114736709748719
4 51.271591235711526 11.653945833839430
5 34.472465279131256 9.478587906111898
0 3
2 5
1 4
98 98 98 98
6
0 22.060471899963400 25.114736709748719
1 33.576124984269541 42.303392444957240
2 53.185036063549205 41.889711244952764
3 62.190576771060307 25.114736709748719
4 51.251993134884799 11.687890740203102
5 34.494481170797883 9.516720549052366
0 3
2 5
1 4
99 99 99 99
6
0 34.516497805614790 9.554854479167034
1 51.232395102899318 11.721835527330313
2 62.203811977728179 25.114736709748719
3 53.173298848667230 41.869381792437935
4 33.590334324538389 42.278781145669541
5 22.036760846232024 25.114736709748719
2 5
0 3
1 4
100 100 100 100
6
0 34.538513446128491 9.592986687098005
1 51.210676484960231 11.759453277070975
2 62.197897118312660 25.114736709748719
3 53.161563136379527 41.849054942492558
4 33.604110301996400 42.254920452788383
5 22.046685284131129 25.114736709748719
2 5
0 3
1 4
101 101 101 101
6
0 34.560530033682312 9.631120535350419
1 51.187339741001836 11.799873703290132
2 62.187218787885058 25.114736709748719
3 53.144987964285747 41.820345902281929
4 33.617807261198209 42.231196623541678
5 22.057204729810422 25.114736709748719
2 5
0 3
1 4
102 102 102 102
6
0 34.582546037614861 9.669253372741196
1 51.164004220889353 11.840292009746122
2 62.176540705653935 25.114736709748719
3 53.126831945783465 41.788898755772834
4 33.631502977555783 42.207474946964339
5 22.067722430710457 25.114736709748719
2 5
0 3
1 4
103 103 103 103
6
0 34.604561937716198 9.707386030291104
1 51.140667515226482 11.880712369635376
2 62.165859995899631 25.114736709748719
3 53.108676827474483 41.757453168444272
4 33.645200269398913 42.183750541565814
5 22.078240362981653 25.114736709748719
2 5
0 3
1 4
104 104 104 104
6
0 34.626578702408153 9.745520185355872
1 51.117330124261400 11.921133916502981
2 62.155182383700691 25.114736709748719
3 53.090521671914530 41.726007516595018
4 33.658896501170318 42.160027972265539
5 22.088758251938192 25.114736709748719
2 5
0 3
1 4
105 105 105 105
6
0 34.651673064697377 9.788984895824456
1 51.093994556781524 11.961552305001646
2 62.144503808611105 25.114736709748719
3 53.072366662781349 41.694562118364502
4 33.672592316728981 42.136306123866802
5 22.099275972994565 25.114736709748719
2 5
0 3
1 4
106 106 106 106
6
0 22.109793806432243 25.114736709748719
1 33.686289782963343 42.112581416413946
2 53.054210844774843 41.663115319124358
3 62.133826149817452 25.114736709748719
4 51.070657450924500 12.001973358047621
5 34.681964229446919 9.841450732190992
0 3
2 5
1 4
107 107 107 107
6
0 22.120311783920446 25.114736709748719
1 33.699985173280936 42.088860304554487
2 53.036055906099136 41.631670042929727
3 62.123148423577952 25.114736709748719
4 51.047320687820331 12.042393817428206
5 34.712254385332471 9.893914821153999
0 3
2 5
1 4
108 108 108 108
6
0 22.130829612140026 25.114736709748719
1 33.713683155078627 42.065134704119600
2 53.017901032497491 41.600224879446614
3 62.112468638559264 25.114736709748719
4 51.023984161254816 12.082813867111895
5 34.742581385001984 9.946442725422685
0 3
2 5
1 4
109 109 109 109
6
0 22.141347349677044 25.114736709748719
1 33.728046612154458 42.040256466691972
2 53.002214573458332 41.573055135400068
3 62.101790410580449 25.114736709748719
4 51.000647696900103 12.123233809043313
5 34.775000920435957 10.002595007952095
0 3
2 5
1 4
110 110 110 110
6
0 22.151865234803928 25.114736709748719
1 33.742438402585435 42.015329154453639
2 52.988359519079950 41.549057477274914
3 62.079425570043121 25.114736709748719
4 50.977310849746573 12.163654414001712
5 34.807419972639650 10.058746453502181
0 3
2 5
1 4
111 111 111 111
6
0 22.162383257958727 25.114736709748719
1 33.756829796726777 41.990402528609138
2 52.974504040380168 41.525059084203804
3 62.055220010804810 25.114736709748719
4 50.953974487067683 12.204074179825398
5 34.839838453117522 10.114896908793980
0 3
2 5
1 4
112 112 112 112
6
0 22.189541876094140 25.114736709748719
1 33.771221340727607 41.965475643200307
2 52.960650932096826 41.501064796814262
3 62.031019150359448 25.114736709748719
4 50.930637865934898 12.244494393304308
5 34.872257597539488 10.171048514070776
0 3
2 5
1 4
113 113 113 113
6
0 22.219897702438228 25.114736709748719
1 33.785612469385057 41.940549477187346
2 52.946795258110114 41.477066065496160
3 62.006816171686758 25.114736709748719
4 50.907300835418027 12.284915315857347
5 34.904677016552228 10.227200594952592
0 3
2 5
1 4
114 114 114 114
6
0 22.250253347272100 25.114736709748719
1 33.800004091218284 41.915622456968890
2 52.932939880617823 41.453067847721513
3 61.971418436853192 25.114736709748719
4 50.880971859318208 12.330518440173478
5 34.937096333268130 10.283352498651311
0 3
2 5
1 4
115 115 115 115
6
0 22.280609153407141 25.114736709748719
1 33.814525985002319 41.890469799112793
2 52.919085475621046 41.429071314358453
3 61.931998805948055 25.114736709748719
4 50.851975865901636 12.380740973986917
5 34.969514708934412 10.339502772404217
0 3
2 5
1 4
116 116 116 116
6
0 22.310964970114551 25.114736709748719
1 33.829196362935136 41.865059959166956
2 52.905230670986100 41.405074088801712
3 61.892577887417048 25.114736709748719
4 50.822980678921112 12.430962111012150
5 35.001934275466454 10.395655108796973
0 3
2 5
1 4
117 117 117 117
6
0 22.341320288653108 25.114736709748719
1 33.843865291003965 41.839652630459113
2 52.891376185900299 41.381077416720473
3 61.853158696271315 25.114736709748719
4 50.793984686776128 12.481184642623134
5 35.034353344114038 10.451806582828681
0 3
2 5
1 4
118 118 118 118
6
0 22.379590560702784 25.114736709748719
1 33.858535110028129 41.814243758571479
2 52.877521019700509 41.357079564915125
3 61.813737067076502 25.114736709748719
4 50.764988382533772 12.531407714802640
5 35.066772414194816 10.507958059342741
0 3
2 5
1 4
119 119 119 119
6
0 22.429626703159055 25.114736709748719
1 33.873204819744842 41.788835076009832
2 52.863666672371494 41.333083131435501
3 61.774317725824069 25.114736709748719
4 50.735992971851715 12.581629239290237
5 35.099191185447523 10.564109018271438
0 3
2 5
1 4
120 120 120 120
6
0 22.481635347149840 25.114736709748719
1 33.887874855918824 41.763425828007712
2 52.849811073530930 41.309084530274390
3 61.734898497202281 25.114736709748719
4 50.702143251317750 12.640258675077007
5 35.135793692358334 10.627506419925226
0 3
2 5
1 4
121 121 121 121
6
0 22.535499102288092 25.114736709748719
1 33.902543631496030 41.738018763423156
2 52.835956691707963 41.285088037049491
3 61.695479210851907 25.114736709748719
4 50.663121913067641 12.707845615505562
5 35.176157933932757 10.697419337141127
0 3
2 5
1 4
122 122 122 122
6
0 22.589360819220449 25.114736709748719
1 33.917213946406832 41.712609032634532
2 52.822101576072384 41.261090272824049
3 61.656059950091652 25.114736709748719
4 50.624101143590849 12.775431570789806
5 35.219058425666162 10.771725168493049
0 3
2 5
1 4
123 123 123 123
6
0 22.643224672663518 25.114736709748719
1 33.931882729098163 41.687201955728028
2 52.808246665308843 41.237092863447174
3 61.616640801872194 25.114736709748719
4 50.585079079855348 12.843019767795909
5 35.265881480570386 10.852825078552769
0 3
2 5
1 4
124 124 124 124
6
0 22.697086712263896 25.114736709748719
1 33.946553465857789 41.661791494275803
2 52.792391201197972 41.209630394029546
3 61.577217854598352 25.114736709748719
4 50.546057761938641 12.910606673005987
5 35.312705296848947 10.933926307351612
0 3
2 5
1 4
125 125 125 125
6
0 22.750948922795569 25.114736709748719
1 33.961222830610382 41.636383409209543
2 52.775236516406380 41.179917608382766
3 61.537798655675118 25.114736709748719
4 50.507036050607098 12.978194259630527
5 35.359527834572532 11.015025321628059
0 3
2 5
1 4
126 126 126 126
6
0 22.804812524933929 25.114736709748719
1 33.975891649994423 41.610976268749369
2 52.758080892428268 41.150203196017173
3 61.498379585982988 25.114736709748719
4 50.468014495801413 13.045781575144247
5 35.406351598849255 11.096126460357027
0 3
2 5
1 4
127 127 127 127
6
0 22.858674602706699 25.114736709748719
1 33.990562586221586 41.585565461809324
2 52.740926663850246 41.120491200555307
3 61.458960657541020 25.114736709748719
4 50.428992970463696 13.113368839618033
5 35.453174420876053 11.177225967061190
0 3
2 5
1 4
128 128 128 128
6
0 22.912538384210290 25.114736709748719
1 34.005231484421643 41.560158184835814
2 52.720219392200477 41.084625153971842
3 61.419299472551536 25.114736709748719
4 50.389971506842073 13.180955997196406
5 35.504973408639557 11.266944445648164
0 3
2 5
1 4
129 129 129 129
6
0 22.966400582073366 25.114736709748719
1 34.019900508258615 41.534750690252622
2 52.698541479436699 41.047077907662924
3 61.364987912214502 25.114736709748719
4 50.350949785036335 13.248543601962751
5 35.560916214532597 11.363840227772926
0 3
2 5
1 4
130 130 130 130
6
0 23.020262811239768 25.114736709748719
1 34.034570193216894 41.509342050573878
2 52.676862735018176 41.009529220885724
3 61.303621449986359 25.114736709748719
4 50.325078636129376 13.293353746319781
5 35.616857993849521 11.460734231815650
0 3
2 5
1 4
131 131 131 131
6
0 23.074126384292164 25.114736709748719
1 34.051792950363051 41.479511360150354
2 52.655184950666182 40.971982196992485
3 61.234716978743378 25.114736709748719
4 50.300510807974547 13.335906472915553
5 35.672800581904994 11.557629636634601
0 3
2 5
1 4
132 132 132 132
6
0 23.127988713475414 25.114736709748719
1 34.072025488103407 41.444467576818056
2 52.633507149270827 40.934435143579435
3 61.165812607053731 25.114736709748719
4 50.275943795954902 13.378457785923729
5 35.728743051551305 11.654524836362953
0 3
2 5
1 4
133 133 133 133
6
0 23.181851916717868 25.114736709748719
1 34.092259763799461 41.409420783258042
2 52.611829336983590 40.896888071300850
3 61.096905572441656 25.114736709748719
4 50.248394938041713 13.426173807519831
5 35.784725083455612 11.751488559932113
0 3
2 5
1 4
134 134 134 134
6
0 23.238034768011985 25.114736709748719
1 34.112494058161815 41.374373957367197
2 52.590150761658151 40.859339677401522
3 61.028001482710351 25.114736709748719
4 50.203711419430761 13.503567932014903
5 35.855053918106535 11.873301674784557
0 3
2 5
1 4
135 135 135 135
6
0 23.299228318705357 25.114736709748719
1 34.132727281766392 41.339328986083160
2 52.568472963127817 40.821792628950789
3 60.959097102125938 25.114736709748719
4 50.206583544372847 13.498593265689578
5 35.873840965898069 11.905841796083791
0 3
2 5
1 4
136 136 136 136
6
0 23.360421885936123 25.114736709748719
1 34.152962167910914 41.304281135195424
2 52.546795156087626 40.784245565760443
3 60.890188795831385 25.114736709748719
4 50.173483336107722 13.555924508145949
5 35.911629715436675 11.971293830239119
0 3
2 5
1 4
137 137 137 137
6
0 23.421615733209869 25.114736709748719
1 34.173195330917736 41.269236268869804
2 52.525116686691035 40.746697355335300
3 60.821284455619647 25.114736709748719
4 50.138290694819830 13.616879950909038
5 35.949417788398762 12.036744692529624
0 3
2 5
1 4
138 138 138 138
6
0 23.482809058453228 25.114736709748719
1 34.193428190822317 41.234191927532720
2 52.503438890926645 40.709150311675216
3 60.752380001885918 25.114736709748719
4 50.103097048866744 13.677837133803450
5 35.987205863394308 12.102195558342032
0 3
2 5
1 4
139 139 139 139
6
0 23.548249531389370 25.114736709748719
1 34.213663759735027 41.199142894055854
2 52.481761005682301 40.671603113031324
3 60.683473150667389 25.114736709748719
4 50.067903758874365 13.738793700155725
5 36.024994383439264 12.167647195002814
0 3
2 5
1 4
140 140 140 140
6
0 23.617695344291278 25.114736709748719
1 34.233896625862144 41.164098541940916
2 52.460083245471196 40.634056130951535
3 60.614568430456828 25.114736709748719
4 50.032710668918639 13.799749920034287
5 36.063614793394834 12.234539707254953
0 3
2 5
1 4
141 141 141 141
6
0 23.687140249555643 25.114736709748719
1 34.254130900441055 41.129051750315853
2 52.438405512759118 40.596509196501302
3 60.545663735906608 25.114736709748719
4 49.997517136806664 13.860706905750135
5 36.102380525026888 12.301683924034364
0 3
2 5
1 4
142 142 142 142
6
0 23.756586331471571 25.114736709748719
1 34.274364524400653 41.094006085596675
2 52.416726326227604 40.558959743961964
3 60.476760117604769 25.114736709748719
4 49.962322965771989 13.921664998112419
5 36.141146255176068 12.368828138245249
0 3
2 5
1 4
143 143 143 143
6
0 23.826032903801782 25.114736709748719
1 34.294598427413462 41.058959937543023
2 52.395048663887280 40.521412931399141
3 60.407853436320934 25.114736709748719
4 49.927129702503066 13.982621518178348
5 36.179912398281488 12.435973067717214
0 3
2 5
1 4
144 144 144 144
6
0 23.895477774957733 25.114736709748719
1 34.314832224518113 41.023913972927744
2 52.373369979716699 40.483864348974521
3 60.338948637504686 25.114736709748719
4 49.891936162052673 14.043578518336744
5 36.218678947089984 12.503118699887636
0 3
2 5
1 4
145 145 145 145
6
0 23.964924200495027 25.114736709748719
1 34.335065665199465 40.988868625655755
2 52.351692305760764 40.446317516292879
3 60.270043535206760 25.114736709748719
4 49.856742959522364 14.104534933200171
5 36.257444700454300 12.570262954308305
0 3
2 5
1 4
146 146 146 146
6
0 24.035363259317144 25.114736709748719
1 34.355299937803863 40.953821837450732
2 52.330014682426395 40.408770771290392
3 60.201137412828189 25.114736709748719
4 49.821549788654409 14.165491293222999
5 36.296210836581679 12.637407871694109
0 3
2 5
1 4
147 147 147 147
6
0 24.105960565668681 25.114736709748719
1 34.375533623752915 40.918776065362522
2 52.308337121954082 40.371224135168177
3 60.131456514146059 25.114736709748719
4 49.786356774883870 14.226447381145022
5 36.334976594003820 12.704552133143125
0 3
2 5
1 4
148 148 148 148
6
0 24.176556325170154 25.114736709748719
1 34.395767860327339 40.883729339563274
2 52.286448122328522 40.333311275689880
3 60.056381469382487 25.114736709748719
4 49.751163278407205 14.287404305138693
5 36.373743133505798 12.771697749194118
0 3
2 5
1 4
149 149 149 149
6
0 24.247152721823237 25.114736709748719
1 34.416001100684241 40.848684339263400
2 52.264517679155972 40.295326633882496
3 59.981307088382486 25.114736709748719
4 49.713944708577912 14.351868759067997
5 36.412509302724743 12.838842723896164
0 3
2 5
1 4
150 150 150 150
6
0 24.317748656747131 25.114736709748719
1 34.436234937346853 40.813638306131679
2 52.242586175134647 40.257340154631152
3 59.906232537147453 25.114736709748719
4 49.676417927387149 14.416867050734936
5 36.451275051028347 12.905986969551464
0 3
2 5
1 4
151 151 151 151
6
0 24.388345392889441 25.114736709748719
1 34.455800097293491 40.779750455045928
2 52.220655579714219 40.219355249122714
3 59.831157228500231 25.114736709748719
4 49.638638590203925 14.482302782212628
5 36.490040891113210 12.973131374176546
0 3
2 5
1 4
152 152 152 152
6
0 24.480770393127486 25.114736709748719
1 34.472898480911567 40.750135185892077
2 52.198724854075863 40.181370118070276
3 59.756085273008736 25.114736709748719
4 49.599306726445491 14.550427568598479
5 36.528807165842750 13.040276531628251
0 3
2 5
1 4
153 153 153 153
6
0 24.591687401547475 25.114736709748719
1 34.491287497055396 40.718284475629730
2 52.176793964757678 40.143384703515949
3 59.661597440483916 25.114736709748719
4 49.569846894618536 14.601453494105158
5 36.567573263399026 13.107421382206894
0 3
2 5
1 4
154 154 154 154
6
0 24.702872634673444 25.114736709748719
1 34.512684998358679 40.681222916217507
2 52.154863194152142 40.105399494578137
3 59.559466651902028 25.114736709748719
4 49.545181142416993 14.644175830125164
5 36.607759547465776 13.177026067977863
0 3
2 5
1 4
155 155 155 155
6
0 24.814755945603572 25.114736709748719
1 34.534081525310341 40.644163044431593
2 52.132932941320519 40.067415182450873
3 59.457340176595636 25.114736709748719
4 49.520515779250957 14.686897492316007
5 36.648419110143436 13.247450496349188
0 3
2 5
1 4
156 156 156 156
6
0 24.926640833423029 25.114736709748719
1 34.555480156601334 40.607099527823266
2 52.111001127169573 40.029428166039338
3 59.355210601071114 25.114736709748719
4 49.495849903476199 14.729620042370925
5 36.659687680832747 13.266968233311673
0 3
2 5
1 4
157 157 157 157
6
0 25.038523448553018 25.114736709748719
1 34.576876994735755 40.570039117053057
2 52.089071157815795 39.991444344910178
3 59.260645340060584 25.114736709748719
4 49.466498651413190 14.780457902209946
5 36.674421550814600 13.292488044712513
0 3
2 5
1 4
158 158 158 158
6
0 25.150408436992620 25.114736709748719
1 34.599193261500602 40.531386209181164
2 52.065169800478088 39.950045979631341
3 59.169580517627772 25.114736709748719
4 49.428185670243181 14.846817932185786
5 36.715330881628915 13.363345084186449
0 3
2 5
1 4
159 159 159 159
6
0 25.262292259066797 25.114736709748719
1 34.624707873237071 40.487193605318112
2 52.039197166024394 39.905060057151104
3 59.060373293445245 25.114736709748719
4 49.389873962435161 14.913175756634018
5 36.756239381390401 13.434200684234725
0 3
2 5
1 4
160 160 160 160
6
0 25.374175897914839 25.114736709748719
1 34.650224266242276 40.442997916207332
2 52.013223526539491 39.860072393905853
3 58.947495803348708 25.114736709748719
4 49.351561164752923 14.979535468799781
5 36.797148178569103 13.505056799424779
0 3
2 5
1 4
161 161 161 161
6
0 25.486059656369715 25.114736709748719
1 34.675739883893641 40.398803570048585
2 51.987249981212074 39.815084893745961
3 58.834614867788929 25.114736709748719
4 49.313249197650634 15.045893742358885
5 36.838057359517393 13.575913579323355
0 3
2 5
1 4
162 162 162 162
6
0 25.597944963446292 25.114736709748719
1 34.701255599504066 40.354609054219850
2 51.961277038741457 39.770098437764773
3 58.721735135527844 25.114736709748719
4 49.274936650278846 15.112253020974094
5 36.878966535788834 13.646770351121177
0 3
2 5
1 4
163 163 163 163
6
0 25.709829470011410 25.114736709748719
1 34.726772084936670 40.310413205020041
2 51.935303525778522 39.725110993662042
3 58.605446838766944 25.114736709748719
4 49.236623916909423 15.178612621746879
5 36.919875773644435 13.717627229586014
0 3
2 5
1 4
164 164 164 164
6
0 25.821712868027717 25.114736709748719
1 34.752286999847911 40.266220076042941
2 51.909330353074893 39.680124138905626
3 58.481712898044059 25.114736709748719
4 49.198312164418610 15.244970523587881
5 36.960783775911352 13.788481967948428
0 3
2 5
1 4
165 165 165 165
6
0 25.933596600930318 25.114736709748719
1 34.777802226877384 40.222026406461168
2 51.883356135202916 39.635135473864352
3 58.357978282522282 25.114736709748719
4 49.158490161864790 15.313944255270258
5 37.001693016054276 13.859338850375025
0 3
2 5
1 4
166 166 166 166
6
0 26.045480314806685 25.114736709748719
1 34.803318741874079 40.177830506054875
2 51.857382723281319 39.590148204770344
3 58.234239941763924 25.114736709748719
4 49.117585105616683 15.384793890978472
5 37.042602148946230 13.930195547037442
0 3
2 5
1 4
167 167 167 167
6
0 26.157365920432532 25.114736709748719
1 34.828834250945761 40.133636347961669
2 51.831409741364894 39.545161680467004
3 58.110503836785398 25.114736709748719
4 49.076678555599699 15.455646113970147
5 37.083511390919682 14.001052432634651
0 3
2 5
1 4
168 168 168 168
6
0 26.269249573901465 25.114736709748719
1 34.854350751265315 40.089440472976889
2 51.805435901733631 39.500173670557956
3 57.986766448832263 25.114736709748719
4 49.035772443545454 15.526497578388330
5 37.124420562455441 14.071909196230195
0 3
2 5
1 4
169 169 169 169
6
0 26.381131322359153 25.114736709748719
1 34.879865675107283 40.045247328531332
2 51.779463808491300 39.455188685483336
3 57.863033025297504 25.114736709748719
4 48.994867535284925 15.597346957774562
5 37.165328238532652 14.142763369615409
0 3
2 5
1 4
170 170 170 170
6
0 34.905381594612948 40.001052459545690
1 51.753489573714546 39.410199991162244
2 57.739297354167462 25.114736709748719
3 48.944988621997425 15.683739769814679
4 37.206237359563374 14.213620045733705
5 26.501580704407672 25.114736709748719
2 5
1 4
0 3
171 171 171 171
6
0 34.930898080122404 39.956856610212753
1 51.727516530793309 39.365213361195629
2 57.592036667491350 25.114736709748719
3 48.894567697047989 15.771071373591781
4 37.247146615661222 14.284476955794958
5 26.645976917260437 25.114736709748719
2 5
1 4
0 3
172 172 172 172
6
0 34.956413179800904 39.912663161209480
1 51.701844750595512 39.320748533572214
2 57.444494032662085 25.114736709748719
3 48.826720913566589 15.888585449711627
4 37.288055781671744 14.355333709820457
5 26.794518820108216 25.114736709748719
2 5
1 4
0 3
173 173 173 173
6
0 34.981929260567824 39.868468012910967
1 51.677215030209481 39.278088606487358
2 57.296953850175825 25.114736709748719
3 48.798124121785122 15.938116546010633
4 37.328964936016632 14.426190443640508
5 26.943062917207119 25.114736709748719
2 5
1 4
0 3
174 174 174 174
6
0 27.091601335493763 25.114736709748719
1 35.007444674216458 39.824274020095459
2 51.652585686430541 39.235429331705177
3 57.125032136469947 25.114736709748719
4 48.783002284972383 15.964308335674104
5 37.369873614525147 14.497046353287715
0 3
2 5
1 4
175 175 175 175
6
0 27.240144044011188 25.114736709748719
1 35.032960420234190 39.780079451599704
2 51.627956064924376 39.192769575885336
3 56.955293564758009 25.114736709748719
4 48.767880220573716 15.990500519527927
5 37.410782310061165 14.567902292427448
0 3
2 5
1 4
176 176 176 176
6
0 27.388686328323285 25.114736709748719
1 35.059282542442304 39.734488198572194
2 51.603325034497516 39.150107379743304
3 56.833325251677813 25.114736709748719
4 48.752757884281493 16.016693174315151
5 37.466063761504358 14.663652575043216
0 3
2 5
1 4
177 177 177 177
6
0 27.537227227396759 25.114736709748719
1 35.085781738557671 39.688590244540705
2 51.578695315481525 39.107447455031433
3 56.711360090408135 25.114736709748719
4 48.737635812290932 16.042885371318562
5 37.546236919175556 14.802516557532954
0 3
2 5
1 4
178 178 178 178
6
0 27.655840536889677 25.114736709748719
1 35.112280999884149 39.642692177560207
2 51.554065577154688 39.064787496872214
3 56.589392132342041 25.114736709748719
4 48.722514088322043 16.069076965530712
5 37.564360128247870 14.833906876442370
0 3
2 5
1 4
179 179 179 179
6
0 27.763414481382117 25.114736709748719
1 35.138778340631688 39.596797437120017
2 51.529435822473829 39.022127510387008
3 56.467426010384159 25.114736709748719
4 48.707391749831800 16.095269624124967
5 37.582486446451696 14.865302580525508
0 3
2 5
1 4
180 180 180 180
6
0 27.900576477973182 25.114736709748719
1 35.165276324204456 39.550901583273912
2 51.504806053821255 38.979467499702082
3 56.359199832661503 25.114736709748719
4 48.691075691435003 16.123529866247509
5 37.600613216693375 14.896699067561372
0 3
2 5
1 4
181 181 181 181
6
0 28.049201168149576 25.114736709748719
1 35.191775851658065 39.505003055347629
2 51.480174749237108 38.936804828705590
3 56.257454528052193 25.114736709748719
4 48.674171409960081 16.152808940627551
5 37.618701096536938 14.928028194451599
0 3
2 5
1 4
182 182 182 182
6
0 28.197825506392466 25.114736709748719
1 35.218274840266076 39.459105460729347
2 51.454116985659198 38.891671458257065
3 56.155705533689542 25.114736709748719
4 48.657268303330909 16.182085980115062
5 37.636547972946516 14.958939891149384
0 3
2 5
1 4
183 183 183 183
6
0 28.346451871997832 25.114736709748719
1 35.244772181826193 39.413210718881714
2 51.426741191415317 38.844255191729076
3 56.052091071981721 25.114736709748719
4 48.640364159681326 16.211364815774573
5 37.654394798070712 14.989851499018187
0 3
2 5
1 4
184 184 184 184
6
0 28.420640064753844 25.114736709748719
1 35.271321382341512 39.367226154688865
2 51.399365471062197 38.796839053183703
3 55.940585868116422 25.114736709748719
4 48.623460186983834 16.240643355336374
5 37.672241159096984 15.020762303046013
0 3
2 5
1 4
185 185 185 185
6
0 28.484330527843756 25.114736709748719
1 35.299577626277028 39.318284904561551
2 51.367536498263405 38.741709655143495
3 55.829081776897475 25.114736709748719
4 48.605497877552011 16.271754987893587
5 37.690087743455763 15.051673493896942
0 3
2 5
1 4
186 186 186 186
8
0 28.550821235024706 25.114736709748719
1 35.327833451832419 39.269344379089716
2 51.332578371713794 38.681160403822105
3 55.717578236165700 25.114736709748719
4 48.587392849124569 16.303113817002327
5 37.952130522788480 15.505544901457711
6 37.899208357104953 15.413881021647398
7 37.749335520273746 15.154293653581249
0 3
2 5
6 7
1 4
187 187 187 187
6
0 28.623081246360698 25.114736709748719
1 35.356089658191820 39.220403194046071
2 51.300500227364410 38.625599427996463
3 55.643990534134403 25.114736709748719
4 48.569287007989715 16.334474053761710
5 37.966129818105799 15.529792392217473
0 3
2 5
1 4
188 188 188 188
6
0 28.695342065808276 25.114736709748719
1 35.384345343243297 39.171462911934327
2 51.268421786156011 38.570037937995949
3 55.575028713768333 25.114736709748719
4 48.551181576849046 16.365833580390358
5 37.980129088065496 15.554039839056600
0 3
2 5
1 4
189 189 189 189
6
0 28.767600535174559 25.114736709748719
1 35.412600412765698 39.122523695950122
2 51.236343147380865 38.514476105799645
3 55.506066834936888 25.114736709748719
4 48.331886171576571 16.745664364188542
5 37.994128192834978 15.578286999777788
0 3
2 5
1 4
190 190 190 190
6
0 28.839861724574675 25.114736709748719
1 35.440856596063213 39.073582550850801
2 51.202787010661950 38.456355172096778
3 55.437102620681010 25.114736709748719
4 48.323546690932687 16.760108768372561
5 38.008127959513388 15.602535306958885
0 3
2 5
1 4
191 191 191 191
6
0 28.912120831529315 25.114736709748719
1 35.469112740549633 39.024641472974281
2 51.168317616012985 38.396652429258666
3 55.368138560285551 25.114736709748719
4 48.315208923357773 16.774550205434025
5 38.022127220721018 15.626782738639008
0 3
2 5
1 4
192 192 192 192
6
0 28.984382016870871 25.114736709748719
1 35.497637804228646 38.975234613393241
2 51.133845806644615 38.336945504003779
3 55.299174304168808 25.114736709748719
4 48.306869864538101 16.788993878997076
5 38.036126582173949 15.651030343949060
0 3
2 5
1 4
193 193 193 193
6
0 29.056642298609987 25.114736709748719
1 35.527119593037298 38.924170657278523
2 51.099375305460342 38.277240844590324
3 55.230212815420884 25.114736709748719
4 48.298531477660049 16.803436388722957
5 38.050125843970136 15.675277776648500
0 3
2 5
1 4
194 194 194 194
6
0 29.130870719477336 25.114736709748719
1 35.556600358233709 38.873108474112314
2 51.064905862934040 38.217538018826190
3 55.161250183534129 25.114736709748719
4 48.290193205274306 16.817878700142387
5 38.064125190798336 15.699525356627646
0 3
2 5
1 4
195 195 195 195
6
0 29.202972025287462 25.114736709748719
1 35.586082711382289 38.822043540532263
2 51.030434424951920 38.157831736831213
3 55.092287106006211 25.114736709748719
4 48.281855193439469 16.832320560274411
5 38.078124682420366 15.723773187397228
0 3
2 5
1 4
196 196 196 196
6
0 29.275312034053641 25.114736709748719
1 35.615565515510355 38.770977825832915
2 50.995964940330282 38.098128838155844
3 55.023322726559712 25.114736709748719
4 48.270736393263007 16.851578887099322
5 38.092123908711130 15.748020558599364
0 3
2 5
1 4
197 197 197 197
6
0 29.347653991785794 25.114736709748719
1 35.645047959757278 38.719912734465879
2 50.961493919875579 38.038423279339554
3 54.954360579072521 25.114736709748719
4 48.259064464442019 16.871795260839576
5 38.106123354139072 15.772268309358424
0 3
2 5
1 4
198 198 198 198
6
0 29.419995731317979 25.114736709748719
1 35.674528351890160 38.668851197464733
2 50.927022571621592 37.978717152758236
3 54.885396021081988 25.114736709748719
4 48.247392987908427 16.892010851195096
5 38.120122572484547 15.796515666798996
0 3
2 5
1 4
199 199 199 199
6
0 29.492335582741063 25.114736709748719
1 35.704010407486919 38.617786779259518
2 50.892553023473283 37.919014144051289
3 54.816434089096980 25.114736709748719
4 48.233953213268762 16.915289223713330
5 38.135660610964806 15.823428338896747
0 3
2 5
1 4
200 200 200 200
6
0 29.564677387816179 25.114736709748719
1 35.738847694018261 38.557446828989441
2 50.858082643217301 37.859309694091735
3 54.747470871230526 25.114736709748719
4 48.304297610520905 16.793449153644701
5 38.153139100833187 15.853701971388432
0 3
2 5
1 4
201 201 201 201
6
0 29.637019354661415 25.114736709748719
1 35.779150897522584 38.487639632812147
2 50.823612160034315 37.799605065857349
3 54.678506192601866 25.114736709748719
4 48.238409300132503 16.907571054862274
5 38.126474023257799 15.807516702240150
0 3
2 5
1 4
202 202 202 202
6
0 29.709360773848648 25.114736709748719
1 35.819453536351773 38.417833414680899
2 50.789141475873862 37.739900089519779
3 54.609544145307233 25.114736709748719
4 48.171115065109973 17.024128088977818
5 38.124884215964244 15.804763075233382
0 3
2 5
1 4
203 203 203 203
6
0 29.781701299102597 25.114736709748719
1 35.859754717340991 38.348029721602529
2 50.754669492104142 37.680192862193053
3 54.540579196204369 25.114736709748719
4 48.136794343622455 17.083573322346638
5 38.123294426182895 15.802009478558716
0 3
2 5
1 4
204 204 204 204
6
0 29.854042433759798 25.114736709748719
1 35.900057631298637 38.278223026934825
2 50.720200220166021 37.620490331896235
3 54.459702596726956 25.114736709748719
4 48.111635122895109 17.127150370925165
5 38.110159902350915 15.779259815948421
0 3
2 5
1 4
205 205 205 205
6
0 29.926382597340780 25.114736709748719
1 35.940360614606334 38.208416212149359
2 50.676082321060449 37.544075889122155
3 54.378529884046912 25.114736709748719
4 48.086475967545539 17.170727306266258
5 38.096267716729869 15.755197844624604
0 3
2 5
1 4
206 206 206 206
6
0 29.998724907049855 25.114736709748719
1 35.979250024836745 38.141057777753872
2 50.630228693416541 37.464655076331610
3 54.297356801720312 25.114736709748719
4 48.061315899833744 17.214305821864968
5 38.089234866557945 15.743016590804928
0 3
2 5
1 4
207 207 207 207
6
0 30.071066234506453 25.114736709748719
1 36.012946518419369 38.082693738831836
2 50.584373945942616 37.385232323938567
3 54.215135572910299 25.114736709748719
4 48.036156976210918 17.257882355843435
5 38.100374971882218 15.762311819228216
0 3
2 5
1 4
208 208 208 208
6
0 30.142747019368265 25.114736709748719
1 36.046642992634986 38.024329733454465
2 50.538520662774999 37.305812107798374
3 54.123624176651482 25.114736709748719
4 48.002052274136872 17.316953432612650
5 38.111515221424270 15.781607297444111
0 3
2 5
1 4
209 209 209 209
6
0 30.213375832118839 25.114736709748719
1 36.080337863481020 37.965968505194724
2 50.492666654834920 37.226390636315500
3 54.032110562951189 25.114736709748719
4 47.954433149255351 17.399432176319351
5 38.122655194306276 15.800902296470554
0 3
2 5
1 4
210 210 210 210
6
0 30.284005737192512 25.114736709748719
1 36.115758387076994 37.904618358695757
2 50.446813363261299 37.146970405615662
3 53.940599725753074 25.114736709748719
4 47.904426922104392 17.486045502439652
5 38.133795915368125 15.820198591382677
0 3
2 5
1 4
211 211 211 211
6
0 30.354636585891761 25.114736709748719
1 36.164229731580122 37.820663527305101
2 50.400959642582507 37.067549431684029
3 53.844953672868748 25.114736709748719
4 47.854419946563382 17.572660124809545
5 38.147014386165893 15.843093654402765
0 3
2 5
1 4
212 212 212 212
6
0 30.425265482552373 25.114736709748719
1 36.212700365264539 37.736709927088668
2 50.354806469028517 36.987609790157990
3 53.747101114727805 25.114736709748719
4 47.804412823111818 17.659275003368066
5 38.166530033173103 15.876895746561786
0 3
2 5
1 4
213 213 213 213
6
0 30.507725580376910 25.114736709748719
1 36.261170671558432 37.652756893929222
2 50.306684070067490 36.904259350175266
3 53.649248210308031 25.114736709748719
4 47.757160288378714 17.741118794312229
5 38.192754808982386 15.922318390680630
0 3
2 5
1 4
214 214 214 214
6
0 30.608099847765612 25.114736709748719
1 36.307200548167827 37.573030808975659
2 50.258561651520608 36.820908876268959
3 53.551398522586474 25.114736709748719
4 47.717359203279216 17.810056295900949
5 38.235367856623725 15.996126354260696
0 3
2 5
1 4
215 215 215 215
6
0 30.711477711352259 25.114736709748719
1 36.352995726374672 37.493711233579688
2 50.210439389741396 36.737558673892295
3 53.453545541114870 25.114736709748719
4 47.677480086300989 17.879128952668225
5 38.280406146475286 16.074134960569722
0 3
2 5
1 4
216 216 216 216
6
0 30.814854630633654 25.114736709748719
1 36.398792027483580 37.414389713260334
2 50.162315446518051 36.654205559168986
3 53.355692923701000 25.114736709748719
4 47.635781705794784 17.951352666298249
5 38.325443983731020 16.152142782959572
0 3
2 5
1 4
217 217 217 217
6
0 30.918231530802025 25.114736709748719
1 36.444587334771768 37.335069914288965
2 50.114192352875364 36.570853915962402
3 53.257842410116126 25.114736709748719
4 47.594082551811368 18.023577719630225
5 38.370530529103462 16.230234970282481
0 3
2 5
1 4
218 218 218 218
6
0 31.021608589211883 25.114736709748719
1 36.490382648325465 37.255750104465392
2 50.066070333091147 36.487504132733307
3 53.159989502471120 25.114736709748719
4 47.552384136138301 18.095801494171042
5 38.416276874962762 16.309469965571338
0 3
2 5
1 4
219 219 219 219
6
0 31.124982992812622 25.114736709748719
1 36.536177760747421 37.176430643012282
2 50.017948218140248 36.404154184670688
3 53.062139334124183 25.114736709748719
4 47.511680412213366 18.166302412066329
5 38.470381405357841 16.403181761135329
0 3
2 5
1 4
220 220 220 220
6
0 31.228360035743773 25.114736709748719
1 36.581972971354901 37.097111011496736
2 49.960777693627620 36.305131931519441
3 52.964288432440739 25.114736709748719
4 47.417464898257947 18.329488469098351
5 38.546825458683429 16.535586745431715
0 3
2 5
1 4
221 221 221 221
6
0 31.331737096245163 25.114736709748719
1 36.627769798473878 37.017788580101296
2 49.901806087272973 36.202990113109308
3 52.866435855097158 25.114736709748719
4 47.349350709104101 18.447465705429181
5 38.650060356253448 16.714394833137248
0 3
2 5
1 4
222 222 222 222
6
0 31.435114553729790 25.114736709748719
1 36.673564985785447 36.938468988935483
2 49.842834793173949 36.100848835541569
3 52.768583288748992 25.114736709748719
4 47.315786436847191 18.505600730297147
5 38.714522178939887 16.826045985178666
0 3
2 5
1 4
223 223 223 223
6
0 31.538491897439116 25.114736709748719
1 36.722324729843479 36.854014634863006
2 49.783864067070112 35.998708541770611
3 52.670730890191486 25.114736709748719
4 47.258231234253344 18.605289265429633
5 38.813760325882981 16.997931497733020
0 3
2 5
1 4
224 224 224 224
6
0 31.641866885406419 25.114736709748719
1 36.771824241757088 36.768278965278682
2 49.724894184165578 35.896569708463517
3 52.572879680256747 25.114736709748719
4 47.201793124830829 18.703042938432532
5 38.915819984791085 17.174704012365055
0 3
2 5
1 4
225 225 225 225
6
0 31.745243235813732 25.114736709748719
1 36.821326354107327 36.682538791606135
2 49.665922983538621 35.794428592794361
3 52.475027110888711 25.114736709748719
4 47.165986524585435 18.765061789303900
5 39.017158804007295 17.350227996026433
0 3
2 5
1 4
226 226 226 226
6
0 31.848619871152906 25.114736709748719
1 36.870826895723894 36.596801338523960
2 49.606953281915423 35.692290073475760
3 52.377175277175290 25.114736709748719
4 47.130179453750145 18.827081455260895
5 39.074595942990641 17.449712038987059
0 3
2 5
1 4
227 227 227 227
6
0 31.951997764045689 25.114736709748719
1 36.920328479563864 36.511062080258171
2 49.549008469547744 35.591926714419856
3 52.279324894031859 25.114736709748719
4 47.094370965878284 18.889103575597119
5 39.134539127584276 17.553536680270781
0 3
2 5
1 4
228 228 228 228
6
0 32.055374618341389 25.114736709748719
1 36.974620049328621 36.417026323002801
2 49.491275177422438 35.491929719170571
3 52.165655016056782 25.114736709748719
4 47.070527972543971 18.930400851456625
5 39.196667001872640 17.661145315104363
0 3
2 5
1 4
229 229 229 229
6
0 32.186728085321050 25.114736709748719
1 37.031404098134658 36.318673465411393
2 49.433543356322559 35.391935271812144
3 52.036585276510230 25.114736709748719
4 47.059765823145710 18.949041441013037
5 39.258793603288325 17.768751745257987
0 3
2 5
1 4
230 230 230 230
6
0 32.320188888299910 25.114736709748719
1 37.091047249651012 36.215368496661426
2 49.375810260619801 35.291938616776747
3 51.907514232875741 25.114736709748719
4 47.017167012417190 19.022824745536923
5 39.320921483237328 17.876360389896149
0 3
2 5
1 4
231 231 231 231
6
0 32.454749336194595 25.114736709748719
1 37.155062513404630 36.104490807380216
2 49.318077651275246 35.191942804138421
3 51.778440932457862 25.114736709748719
4 46.961086751143284 19.119958607364993
5 39.383049638005900 17.983969510535871
0 3
2 5
1 4
232 232 232 232
6
0 32.589313071273310 25.114736709748719
1 37.219076073156543 35.993616069516634
2 49.251342819679337 35.076354685179695
3 51.649370207706632 25.114736709748719
4 46.905006067914201 19.217093200041063
5 39.445177865496930 18.091578757134585
0 3
2 5
1 4
233 233 233 233
6
0 32.723873780856394 25.114736709748719
1 37.283088979922695 35.882742462657461
2 49.181753623548218 34.955822661822822
3 51.520299760635581 25.114736709748719
4 46.848925419702880 19.314227732064410
5 39.507305768207004 18.199187441196045
0 3
2 5
1 4
234 234 234 234
6
0 32.858431060809167 25.114736709748719
1 37.342161184447264 35.780426403105821
2 49.112163695384822 34.835289370548708
3 51.392190963870888 25.114736709748719
4 46.792846084863584 19.411359989260745
5 39.569432982791625 18.306794933389369
0 3
2 5
1 4
235 235 235 235
6
0 32.992995229547702 25.114736709748719
1 37.416511992261348 35.651647026387991
2 49.042572744651181 34.714754308130978
3 51.265762453293092 25.114736709748719
4 46.736764749504857 19.508495711458409
5 39.631560684862222 18.414403269933132
0 3
2 5
1 4
236 236 236 236
6
0 33.127555641152682 25.114736709748719
1 37.491934550951612 35.521011322699565
2 48.972510154744839 34.593402342703484
3 51.129189146478872 25.114736709748719
4 46.675645902032670 19.614356660580256
5 39.699326529115922 18.531777155198370
0 3
2 5
1 4
237 237 237 237
6
0 33.262116317486225 25.114736709748719
1 37.567356154249467 35.390377273799459
2 48.896297132345751 34.461397515709791
3 50.985365511439653 25.114736709748719
4 46.611598633032202 19.725289784575125
5 39.777011290499729 18.666331108888926
0 3
2 5
1 4
238 238 238 238
6
0 33.396677105821148 25.114736709748719
1 37.643274530172960 35.258882789471841
2 48.813329301591466 34.317693017449642
3 50.795559034446462 25.114736709748719
4 46.530910162842417 19.865046314528740
5 39.854696191748815 18.800885304833400
0 3
2 5
1 4
239 239 239 239
6
0 33.578911407030162 25.114736709748719
1 37.726389939103456 35.114922678312382
2 48.714416677269185 34.146371326613462
3 50.595957832380620 25.114736709748719
4 46.449056118512601 20.006821678113056
5 39.941370236447142 18.951009153948348
0 3
2 5
1 4
240 240 240 240
6
0 33.787025783475968 25.114736709748719
1 37.811292574689503 34.967866999780881
2 48.610443913330585 33.966285216868414
3 50.396354714352853 25.114736709748719
4 46.367201835481069 20.148597455140816
5 40.031099234188559 19.106424336948749
0 3
2 5
1 4
241 241 241 241
6
0 33.995140616287344 25.114736709748719
1 37.918913144483781 34.781462704957676
2 48.506472819608007 33.786202000022399
3 50.196750751204135 25.114736709748719
4 46.285347474379989 20.290373367388952
5 40.117868312031931 19.256712788299296
0 3
2 5
1 4
242 242 242 242
6
0 34.203255032811853 25.114736709748719
1 38.039101757514288 34.573289920697562
2 48.386841620188136 33.578994684456802
3 49.955485881984615 25.114736709748719
4 46.201257343812244 20.436021745947414
5 40.221431312349523 19.436089166633678
0 3
2 5
1 4
243 243 243 243
6
0 34.411369655187585 25.114736709748719
1 38.136812176442447 34.404050510685124
2 48.256318068662949 33.352921261630854
3 49.701123225470013 25.114736709748719
4 46.086645965372668 20.634534476530234
5 40.346623796453230 19.652928909827097
0 3
2 5
1 4
244 244 244 244
6
0 34.649450648998673 25.114736709748719
1 38.234519653819405 34.234816195588905
2 48.116944688454453 33.111519485887129
3 49.469760843954681 25.114736709748719
4 45.959505589993000 20.854748066381148
5 40.471813834613954 19.869764416522912
0 3
2 5
1 4
245 245 245 245
6
0 34.974353684802701 25.114736709748719
1 38.358225408529108 34.020551543243073
2 47.972796927339289 32.861848239838309
3 49.238393039467070 25.114736709748719
4 45.832362167801421 21.074966933465134
5 40.597006474918430 20.086604430263947
0 3
2 5
1 4
246 246 246 246
6
0 38.519855193096305 33.740600544356312
1 47.822411897238851 32.601373727006603
2 49.007025628040878 25.114736709748719
3 45.704342745211136 21.296703077747225
4 40.746648009010983 20.345791170234861
5 35.341153805663986 25.114736709748719
2 5
1 4
0 3
247 247 247 247
6
0 35.730848861179425 25.114736709748719
1 38.695280921702818 33.436754269455037
2 47.671766258561547 32.340447826878858
3 48.701140614266123 25.114736709748719
4 45.535631574416755 21.588919397367476
5 40.901999145751518 20.614867232083043
0 3
2 5
1 4
248 248 248 248
6
0 36.143744657413009 25.114736709748719
1 38.875270583717906 33.125003030007633
2 47.479716088286125 32.007807174359641
3 48.276342794531409 25.114736709748719
4 45.366919467379432 21.881137338608141
5 41.083367904126817 20.929007136494761
0 3
2 5
1 4
249 249 249 249
6
0 36.612922026827299 25.114736709748719
1 41.298507302095516 21.301639504486275
2 45.193326448412620 22.181809267297922
3 47.758619254278464 25.114736709748719
4 47.232798909060818 31.580134074679791
5 39.112188586543198 32.714649011886536
0 3
1 4
2 5
250 250 250 250
6
0 37.170277117101548 25.114736709748719
1 41.636291147496138 21.886698286696060
2 44.935296102590371 22.628730936156671
3 47.259189670100625 25.114736709748719
4 46.899307692085756 31.002510343000949
5 39.349111042634718 32.304287280481958
0 3
1 4
2 5
251 251 251 251
6
0 37.705638223019719 25.114736709748719
1 41.979110819852622 22.480479377051665
2 44.645484697704489 23.130699014031961
3 46.475586884170930 25.114736709748719
4 46.598597061561748 30.481664252557380
5 39.586466037631965 31.893176369716571
0 3
1 4
2 5
252 252 252 252
6
0 39.015551878104723 25.114736709748719
1 42.514115526004161 23.407134710394530
2 44.256145414174796 23.805054434487829
3 45.334567786070821 25.114736709748719
4 46.239947238278091 29.860464536504423
5 40.093081213233347 31.015693145689511
0 3
1 4
2 5
253 253 253 253
0
254 254 254 254
6
0 40.600349516979861 30.137078670531309
1 45.594392655247191 28.742331199635942
2 44.241964801819044 25.114736709748719
3 43.627660335283281 24.893622522926762
4 43.363325814829466 24.878010076950204
5 40.522314270510016 25.114736709748719
2 5
1 4
0 3
255 255 255 255
0
256 256 256 256
0
257 257 257 257
2
0 42.836616366107648 26.263750868560010
1 41.361081468214707 28.819452280051451
0 1
258 258 258 258
0
259 259 259 259
0
260 260 260 260
0
261 261 261 261
0
262 262 262 262
0
263 263 263 263
0
264 264 264 264
0
265 265 265 265
0
266 266 266 266
0
267 267 267 267
0
268 268 268 268
0
269 269 269 269
0
270 270 270 270
0
271 271 271 271
0
272 272 272 272
0
273 273 273 273
0
274 274 274 274
0
275 275 275 275
0
276 276 276 276
0
277 277 277 277
0
278 278 278 278
0
279 279 279 279
0
280 280 280 280
0
281 281 281 281
0
282 282 282 282
0
283 283 283 283
0
284 284 284 284
0
285 285 285 285
0
286 286 286 286
0
287 287 287 287
0
288 288 288 288
0
289 289 289 289
0
290 290 290 290
0
291 291 291 291
0
292 292 292 292
0
293 293 293 293
0
294 294 294 294
0
295 295 295 295
0
296 296 296 296
0
297 297 297 297
0
298 298 298 298
0
299 299 299 299
0
300 300 300 300
0
301 301 301 301
0
302 302 302 302
0
303 303 303 303
0
304 304 304 304
0
305 305 305 305
0
306 306 306 306
0
307 307 307 307
0
308 308 308 308
0
309 309 309 309
0
310 310 310 310
0
311 311 311 311
0
312 312 312 312
0
313 313 313 313
0
314 314 314 314
0
315 315 315 315
0
316 316 316 316
0
317 317 317 317
0
318 318 318 318
0
319 319 319 319
0
320 320 320 320
0
321 321 321 321
0
322 322 322 322
0
323 323 323 323
0
324 324 324 324
0
325 325 325 325
0
326 326 326 326
0
327 327 327 327
0
328 328 328 328
0
329 329 329 329
0
330 330 330 330
0
331 331 331 331
0
332 332 332 332
0
333 333 333 333
0
334 334 334 334
0
335 335 335 335
0
336 336 336 336
0
337 337 337 337
0
338 338 338 338
0
339 339 339 339
0
340 340 340 340
0
341 341 341 341
0
342 342 342 342
0
343 343 343 343
0
344 344 344 344
0
345 345 345 345
0
346 346 346 346
0
347 347 347 347
0
348 348 348 348
0
349 349 349 349
0
350 350 350 350
0
