0 0 0 0
6
0 36.057950284112735 12.224728489378435
1 49.856936995309354 14.104198853358753
2 57.681617955522896 25.114736709748719
3 51.075130413097270 38.235247459193374
4 34.959690374157390 39.906986894077704
5 22.770058842554619 25.114736709748719
2 5
0 3
1 4
1 1 1 1
6
0 36.003864125577820 12.131048514809663
1 49.922841231772054 13.990049367371284
2 57.792096690487767 25.114736709748719
3 51.130210603960904 38.330649148259795
4 34.910816327552823 39.991639225968242
5 22.597593424656175 25.114736709748719
2 5
0 3
1 4
2 2 2 2
6
0 35.949777660555981 12.037368009390093
1 49.988745056184825 13.875900595075223
2 57.882287691774557 25.114736709748719
3 51.185290376153091 38.426050112165967
4 34.861941766589212 40.076292448754884
5 22.425127498358524 25.114736709748719
2 5
0 3
1 4
3 3 3 3
6
0 35.895691474068485 11.943687986406189
1 50.054649482812522 13.761750779712315
2 57.972477061152560 25.114736709748719
3 51.240369852235290 38.521450563194662
4 34.813068259819374 40.160943845624274
5 22.255868331143724 25.114736709748719
2 5
0 3
1 4
4 4 4 4
6
0 35.841605568915043 11.850008450707037
1 50.120553296832725 13.647602025416745
2 58.062668873180776 25.114736709748719
3 51.295450417262998 38.616852900332219
4 34.764192920152141 40.245598417165183
5 22.093979764713549 25.114736709748719
2 5
0 3
1 4
5 5 5 5
6
0 35.787519310846733 11.756328303741384
1 50.186457192368835 13.533453129931559
2 58.152858080409530 25.114736709748719
3 51.350530068744320 38.712253655161135
4 34.715320228998905 40.330248401345102
5 21.932091896486604 25.114736709748719
2 5
0 3
1 4
6 6 6 6
6
0 35.735813946033886 11.666771984861725
1 50.252361126974677 13.419304166775532
2 58.243050054586988 25.114736709748719
3 51.405610047549601 38.807654976931644
4 34.666446453933190 40.414900262916603
5 21.768843616451981 25.114736709748719
2 5
0 3
1 4
7 7 7 7
6
0 35.693777112473185 11.593962053345308
1 50.318264986029419 13.305155334477831
2 58.333239192323113 25.114736709748719
3 51.428508289846775 38.847315895994370
4 34.617574221392260 40.499549452756924
5 21.605377750486369 25.114736709748719
2 5
0 3
1 4
8 8 8 8
6
0 35.651740815561709 11.521153051332476
1 50.384168652943401 13.191006834977770
2 58.423431235993199 25.114736709748719
3 51.447673901062558 38.880511708378208
4 34.568699257506978 40.584203373424316
5 21.441910506833057 25.114736709748719
2 5
0 3
1 4
9 9 9 9
6
0 35.609704002868284 11.448343155959265
1 50.450073177993602 13.076856849142132
2 58.513620335122269 25.114736709748719
3 51.466840560087007 38.913709335619956
4 34.519294503955791 40.669774916710367
5 21.278444823612414 25.114736709748719
2 5
0 3
1 4
10 10 10 10
6
0 35.567667162652185 11.375533212915343
1 50.515976833238881 12.962708369852749
2 58.603812417399418 25.114736709748719
3 51.486006014702070 38.946904876763369
4 34.466429208157422 40.761340294990191
5 21.114977777774698 25.114736709748719
2 5
0 3
1 4
11 11 11 11
6
0 35.525630466512951 11.302723519419828
1 50.581880859390253 12.848559248135302
2 58.694000956703775 25.114736709748719
3 51.499186386758879 38.969733950828413
4 34.413564065848334 40.852905407418916
5 20.951511632278933 25.114736709748719
2 5
0 3
1 4
12 12 12 12
6
0 35.483594130265601 11.229914449275384
1 50.647785075833326 12.734409796822888
2 58.784193124704402 25.114736709748719
3 51.508906425682710 38.986569552096057
4 34.360697837410441 40.944472401077974
5 20.788045903763013 25.114736709748719
2 5
0 3
1 4
13 13 13 13
6
0 35.444225234568250 11.161725521689618
1 50.713689066455856 12.620260736643104
2 58.874382462672138 25.114736709748719
3 51.518847337879890 39.003787717095179
4 34.309385642005168 41.033347730567812
5 20.624578964189833 25.114736709748719
2 5
0 3
1 4
14 14 14 14
6
0 35.420452719096772 11.120550317069387
1 50.779592700111550 12.506112294748050
2 58.964574559318237 25.114736709748719
3 51.528788396411471 39.021006135552852
4 34.272294338027223 41.097591753576580
5 20.461113247188290 25.114736709748719
2 5
0 3
1 4
15 15 15 15
6
0 35.396679926511240 11.079374632473446
1 50.845496908944085 12.391962856617397
2 59.054764137672869 25.114736709748719
3 51.558176395263615 39.071907642697624
4 34.235205225590676 41.161831980724287
5 20.297647518191344 25.114736709748719
2 5
0 3
1 4
16 16 16 16
6
0 35.372884360456908 11.038159503072507
1 50.907859658984762 12.283947405047229
2 59.144954959888018 25.114736709748719
3 51.635681357011777 39.206150174284062
4 34.198114898565223 41.226074311601678
5 20.134180063127086 25.114736709748719
2 5
0 3
1 4
17 17 17 17
6
0 35.347885026932886 10.994859387253427
1 50.966378520013677 12.182589764544105
2 59.235144707384450 25.114736709748719
3 51.713187938610247 39.340395511533643
4 34.161023975103774 41.290317675536585
5 19.970714321673071 25.114736709748719
2 5
0 3
1 4
18 18 18 18
6
0 35.322886168768889 10.951560094782167
1 51.040562391337005 12.054099530309941
2 59.325336497350222 25.114736709748719
3 51.790693043873716 39.474638291695896
4 34.130505995078295 41.343176367485171
5 19.807248572939827 25.114736709748719
2 5
0 3
1 4
19 19 19 19
6
0 35.297886848343353 10.908260001650547
1 51.102088989064953 11.947532337028292
2 59.415526872486090 25.114736709748719
3 51.868198412240076 39.608881527565700
4 34.106804921591220 41.384227830958707
5 19.643781765278788 25.114736709748719
2 5
0 3
1 4
20 20 20 20
6
0 35.272887334092275 10.864959572803059
1 51.163615703174401 11.840964942167943
2 59.505718801405344 25.114736709748719
3 51.913695238337539 39.687684341949762
4 34.083103231693713 41.425280362086369
5 19.480315994375829 25.114736709748719
2 5
0 3
1 4
21 21 21 21
6
0 35.247887994303085 10.821659446132571
1 51.225142597999422 11.734397234299081
2 59.597580414364096 25.114736709748719
3 51.924162226302371 39.705813696906944
4 34.059402489920160 41.466331251015276
5 19.316848075284597 25.114736709748719
2 5
0 3
1 4
22 22 22 22
6
0 35.222888660787760 10.778359330328726
1 51.286669230303858 11.627829981129139
2 59.691587400402526 25.114736709748719
3 51.934629414993822 39.723943399532914
4 34.035701077311785 41.507383301864138
5 19.162968366253892 25.114736709748719
2 5
0 3
1 4
23 23 23 23
6
0 35.197889543541066 10.735059589113007
1 51.348195540022914 11.521263286693625
2 59.785594671466406 25.114736709748719
3 51.945096916117961 39.742073643308231
4 34.011999935609367 41.548434883490131
5 19.038033946855649 25.114736709748719
2 5
0 3
1 4
24 24 24 24
6
0 35.172890230508870 10.691759508786845
1 51.409088326917299 11.415793885978019
2 59.894216618266348 25.114736709748719
3 51.996616042218761 39.831307387276411
4 33.988298796564152 41.589486460513626
5 18.915134318117680 25.114736709748719
2 5
0 3
1 4
25 25 25 25
6
0 35.147890630108975 10.648458930725383
1 51.465185070855739 11.318631475337384
2 60.008892300387004 25.114736709748719
3 52.051652893975756 39.926634010808129
4 33.967839576418157 41.624922869289776
5 18.896213585719831 25.114736709748719
2 5
0 3
1 4
26 26 26 26
6
0 35.122891308181238 10.605158834991812
1 51.521282073586690 11.221468616455127
2 60.123564588777633 25.114736709748719
3 52.106689635667522 40.021960443701346
4 33.952292509299980 41.651851179447135
5 18.885692603726838 25.114736709748719
2 5
0 3
1 4
27 27 27 27
6
0 35.097891988426454 10.561858743021844
1 51.577378668407846 11.124306464093252
2 60.246187868569578 25.114736709748719
3 52.178402178714180 40.146170211798108
4 33.936746079995430 41.678778384878910
5 18.875173435292883 25.114736709748719
2 5
0 3
1 4
28 28 28 28
6
0 35.072892767133112 10.518558821592137
1 51.633475424700180 11.027144032055162
2 60.369601443821502 25.114736709748719
3 52.280249009654995 40.322574097577444
4 33.921198567728652 41.705707466056197
5 18.864652366143897 25.114736709748719
2 5
0 3
1 4
29 29 29 29
6
0 35.047893169556232 10.475258248420118
1 51.689572576889987 10.929980914302519
2 60.497181303700209 25.114736709748719
3 52.382095878983534 40.498978049846414
4 33.905651631613807 41.732635549309180
5 18.854131344083612 25.114736709748719
2 5
0 3
1 4
30 30 30 30
6
0 35.024360084604609 10.434497749625166
1 51.745669198103201 10.832818716228303
2 60.571236893446233 25.114736709748719
3 52.483942584336262 40.675381718100766
4 33.890103965920218 41.759564896229563
5 18.843610375090133 25.114736709748719
2 5
0 3
1 4
31 31 31 31
6
0 35.007167869945704 10.404719960341254
1 51.801766397268977 10.735655517110786
2 60.651992030634972 25.114736709748719
3 52.585788838928522 40.851784605615080
4 33.874556532923862 41.786493840106459
5 18.833936908642929 25.114736709748719
2 5
0 3
1 4
32 32 32 32
6
0 34.989974657747382 10.374940443268429
1 51.857863201888279 10.638493001367920
2 60.732745177968333 25.114736709748719
3 52.687635013270665 41.028187354132228
4 33.859009557210584 41.813421991945916
5 18.824863545910617 25.114736709748719
2 5
0 3
1 4
33 33 33 33
6
0 34.972782343733172 10.345162481896182
1 51.903079517951824 10.560176044614764
2 60.813498353404718 25.114736709748719
3 52.743760396157597 41.125399368886633
4 33.843463631925943 41.840348324389538
5 18.815788553918424 25.114736709748719
2 5
0 3
1 4
34 34 34 34
6
0 34.955589661492638 10.315383882737251
1 51.957186483726787 10.466460030849134
2 60.894253330333328 25.114736709748719
3 52.764967612019404 41.162131344246404
4 33.827916730170443 41.867276348130531
5 18.806713579654016 25.114736709748719
2 5
0 3
1 4
35 35 35 35
6
0 34.938397259378689 10.285605768771688
1 51.983625154582626 10.420666909642250
2 60.975008366195539 25.114736709748719
3 52.786177081485278 41.198867222962917
4 33.809339550880622 41.899452966521721
5 18.797638299066620 25.114736709748719
2 5
0 3
1 4
36 36 36 36
6
0 34.921330082049963 10.256044550496540
1 51.995523077819200 10.400059102091973
2 61.055761621322567 25.114736709748719
3 52.807384371473745 41.235599326713782
4 33.789883466239132 41.933151893637159
5 18.788563359028281 25.114736709748719
2 5
0 3
1 4
37 37 37 37
6
0 34.911308531992745 10.238686716626830
1 52.007421244287912 10.379450873251130
2 61.136514343214948 25.114736709748719
3 52.828592396601209 41.272332703762686
4 33.770428044415723 41.966849672717899
5 18.779490185470593 25.114736709748719
2 5
0 3
1 4
38 38 38 38
6
0 34.901286918840583 10.221328773473488
1 52.019318758572069 10.358843774027264
2 61.217268912798666 25.114736709748719
3 52.850356056560827 41.310028468571431
4 33.750972245264677 42.000548105349480
5 18.770414815804564 25.114736709748719
2 5
0 3
1 4
39 39 39 39
6
0 34.891265783378572 10.203971657703732
1 52.050771265044034 10.304366434792428
2 61.320566224349939 25.114736709748719
3 52.875566468112709 41.353694182259119
4 33.731516421434890 42.034246580725721
5 18.761339976532000 25.114736709748719
2 5
0 3
1 4
40 40 40 40
6
0 34.881243973934374 10.186613374562626
1 52.086018599606973 10.243316260497977
2 61.574824171070986 25.114736709748719
3 52.900778194339864 41.397362173030956
4 33.712062406369455 42.067941923230251
5 18.752265746859315 25.114736709748719
2 5
0 3
1 4
41 41 41 41
6
0 34.871222503857780 10.169255679223397
1 52.121265989348899 10.182265990630867
2 61.829082304499352 25.114736709748719
3 52.925990186462457 41.441030624347263
4 33.692606616977628 42.101640338958305
5 18.705714699449690 25.114736709748719
2 5
0 3
1 4
42 42 42 42
6
0 34.861200742658298 10.151897479644617
1 52.156637606245511 10.121000553020053
2 62.011117768879913 25.114736709748719
3 52.978318231261255 41.531665456599626
4 33.673150800482574 42.135338801630496
5 18.637661489404611 25.114736709748719
2 5
0 3
1 4
43 43 43 43
6
0 34.851178996363444 10.134539305881276
1 52.192137218298512 10.059513421295264
2 62.068577112397065 25.114736709748719
3 53.038926738688531 41.636642470834545
4 33.653695216484323 42.169036861606287
5 18.569606952925930 25.114736709748719
2 5
0 3
1 4
44 44 44 44
6
0 34.841157551129527 10.117181653570924
1 52.227637239468947 9.998025580958256
2 62.175209144778307 25.114736709748719
3 53.098171143716627 41.739256790407353
4 33.634239665003690 42.202734865260027
5 18.512466464573759 25.114736709748719
2 5
0 3
1 4
45 45 45 45
6
0 34.829531257174665 10.097044321737371
1 52.263136808902004 9.936538523053400
2 62.281841146088134 25.114736709748719
3 53.157416556872249 41.841872856108353
4 33.614783318088087 42.236434246647605
5 18.465971598382161 25.114736709748719
2 5
0 3
1 4
46 46 46 46
6
0 34.813748921000752 10.069708513622004
1 52.278035172532554 9.910733800295702
2 62.372586306341020 25.114736709748719
3 53.216660991491892 41.944487226935280
4 33.595328554165576 42.270130886210723
5 18.498415559912303 25.114736709748719
2 5
0 3
1 4
47 47 47 47
6
0 34.797966716796566 10.042372934084938
1 52.359629567065156 9.769408163352409
2 62.429919377721980 25.114736709748719
3 53.275906692697106 42.047103791552786
4 33.575873391630864 42.303828216190254
5 18.540531128713180 25.114736709748719
2 5
0 3
1 4
48 48 48 48
6
0 34.782184859560857 10.015037955514913
1 52.447404765139254 9.617377060643662
2 62.487253733952144 25.114736709748719
3 53.335151662480314 42.149719089310224
4 33.557258640195300 42.336069911446884
5 18.574040179990721 25.114736709748719
2 5
0 3
1 4
49 49 49 49
6
0 34.766402687702112 9.987702432001811
1 52.514780591573015 9.500678706058466
2 62.544585963976957 25.114736709748719
3 53.394396449514318 42.252334070536676
4 33.541524167046191 42.363322818371557
5 18.578576905840588 25.114736709748719
2 5
0 3
1 4
50 50 50 50
6
0 34.750620807422479 9.960367413518497
1 52.560848274252123 9.420887139071283
2 62.601917865216464 25.114736709748719
3 53.453641678861288 42.354949817871670
4 33.525791604969811 42.390572415221072
5 18.614228899809277 25.114736709748719
2 5
0 3
1 4
51 51 51 51
6
0 34.734839185312751 9.933032842198600
1 52.606297772485391 9.342166298952748
2 62.659252162614713 25.114736709748719
3 53.512886499075591 42.457564856568183
4 33.510058678302471 42.417822643560612
5 18.671664414354364 25.114736709748719
2 5
0 3
1 4
52 52 52 52
6
0 34.719057085589498 9.905697443627787
1 52.651747396360463 9.263445241216232
2 62.807832697724479 25.114736709748719
3 53.572131250668974 42.560179776409655
4 33.494324583258845 42.445074895587254
5 18.729099450211681 25.114736709748719
2 5
0 3
1 4
53 53 53 53
6
0 34.703275001404734 9.878362071970514
1 52.696471469792755 9.185980873710037
2 63.033642010205376 25.114736709748719
3 53.631377685214773 42.662797611210294
4 33.478591748743440 42.472324964315021
5 18.633520121250751 25.114736709748719
2 5
0 3
1 4
54 54 54 54
6
0 34.694090199790992 9.862453528917968
1 52.733491944264813 9.121859531004134
2 63.280760625037502 25.114736709748719
3 53.690372001395701 42.764978764193415
4 33.462859283286662 42.499574393814555
5 18.521374643841877 25.114736709748719
2 5
0 3
1 4
55 55 55 55
6
0 34.684967354174546 9.846652296800698
1 52.764411722252589 9.068304904570482
2 63.463238678346357 25.114736709748719
3 53.749017665066219 42.866556033314282
4 33.447125855362572 42.526825490356259
5 18.415259245548778 25.114736709748719
2 5
0 3
1 4
56 56 56 56
6
0 34.675844647097563 9.830851304640873
1 52.764536175870262 9.068089344581608
2 63.639780951192890 25.114736709748719
3 53.822972718834023 42.994649943916670
4 33.431393340022396 42.554075006256312
5 18.309144119745845 25.114736709748719
2 5
0 3
1 4
57 57 57 57
6
0 34.666721686697770 9.815049873712951
1 52.764660613205763 9.067873812794119
2 63.814095552318051 25.114736709748719
3 53.892953908231902 43.115860919527904
4 33.415659897021897 42.581326128911087
5 18.203028268066586 25.114736709748719
2 5
0 3
1 4
58 58 58 58
6
0 18.096913234894007 25.114736709748719
1 33.399926210603553 42.608577673178047
2 53.964573038663275 43.239908892228982
3 63.870304865785684 25.114736709748719
4 52.764785008296940 9.067658354176046
5 34.657598836942839 9.799248634427613
0 3
2 5
1 4
59 59 59 59
6
0 18.001707724956450 25.114736709748719
1 33.384193575291647 42.635827396875243
2 54.036190143726344 43.363953356889169
3 63.920627419720674 25.114736709748719
4 52.764909685290661 9.067442407288354
5 34.648475861017914 9.783447176609343
0 3
2 5
1 4
60 60 60 60
6
0 18.015249590502815 25.114736709748719
1 33.368461218155062 42.663076638758639
2 54.107807643961848 43.487998506008239
3 63.970953816564979 25.114736709748719
4 52.765759382212309 9.065970689048982
5 34.639353637163197 9.767647021414973
0 3
2 5
1 4
61 61 61 61
6
0 18.054840961614456 25.114736709748719
1 33.344468248288251 42.704633681592441
2 54.179426229642218 43.612045535172797
3 64.021276527207803 25.114736709748719
4 52.826016349887311 8.961602559525886
5 34.630230287917470 9.751844916986215
0 3
2 5
1 4
62 62 62 62
6
0 18.176350032077405 25.114736709748719
1 33.320067053629430 42.746897790506978
2 54.239546000549240 43.716176032923158
3 64.071603344053344 25.114736709748719
4 52.883462691756904 8.862102576698817
5 34.621107777429188 9.736044265327905
0 3
2 5
1 4
63 63 63 63
6
0 18.317831168518353 25.114736709748719
1 33.295664709708319 42.789163890001987
2 54.252288687948521 43.738247014923672
3 64.121931109209498 25.114736709748719
4 52.925531122659322 8.789237916981051
5 34.611984932136636 9.720243033771681
0 3
2 5
1 4
64 64 64 64
6
0 34.602861743428662 9.704441207402397
1 52.967599313654318 8.716373672795157
2 64.159269885487959 25.114736709748719
3 54.265033212995661 43.760321179823677
4 33.271263465199752 42.831428085258835
5 18.387374272975002 25.114736709748719
2 5
0 3
1 4
65 65 65 65
6
0 34.593738876641680 9.688639938616689
1 53.009668460729415 8.643507772629960
2 64.251739957415595 25.114736709748719
3 54.277775298099584 43.782391118617966
4 33.246860421314864 42.873695397126767
5 18.451069056312342 25.114736709748719
2 5
0 3
1 4
66 66 66 66
6
0 34.584616004828035 9.672838661124501
1 53.051736784935315 8.570643297716174
2 64.373513698089965 25.114736709748719
3 54.294719955444180 43.811740126055724
4 33.222459365199825 42.915959266076243
5 18.530438195822263 25.114736709748719
2 5
0 3
1 4
67 67 67 67
6
0 34.575493170526215 9.657037448604683
1 53.093805283226345 8.497778521277951
2 64.512773365303445 25.114736709748719
3 54.338051162321335 43.886791977920211
4 33.207133636393337 42.942504207032130
5 18.609807711513827 25.114736709748719
2 5
0 3
1 4
68 68 68 68
6
0 34.566370230707832 9.641236053324860
1 53.139220337909364 8.419117339138438
2 64.652038074377543 25.114736709748719
3 54.385604127893089 43.969156130341048
4 33.207027674808387 42.942687737880874
5 18.689177762617600 25.114736709748719
2 5
0 3
1 4
69 69 69 69
6
0 34.557247894760451 9.625435703980315
1 53.193895259450642 8.324417597129127
2 64.791296773387742 25.114736709748719
3 54.444375727345232 44.070951526634303
4 33.206922795755872 42.942869393728529
5 18.768547306900761 25.114736709748719
2 5
0 3
1 4
70 70 70 70
6
0 34.546810673546418 9.607357906547804
1 53.249742782504427 8.227686849723113
2 64.930556722206902 25.114736709748719
3 54.503148539396307 44.172749023210372
4 33.206818428817712 42.943050162568056
5 18.847917354703117 25.114736709748719
2 5
0 3
1 4
71 71 71 71
6
0 34.532610716865634 9.582762860111416
1 53.305589347500074 8.130957761722470
2 65.069821628092043 25.114736709748719
3 54.553288208532706 44.259593477629323
4 33.206712960590835 42.943232838895597
5 18.927287436692882 25.114736709748719
2 5
0 3
1 4
72 72 72 72
6
0 34.518410300666687 9.558167017766095
1 53.361436901296145 8.034226961069180
2 65.209084800061049 25.114736709748719
3 54.600194494362768 44.340837547881392
4 33.206607929055281 42.943414758851645
5 19.006657471153002 25.114736709748719
2 5
0 3
1 4
73 73 73 73
6
0 34.504210664444486 9.533572526380226
1 53.417284222702335 7.937496562927095
2 65.263723669618571 25.114736709748719
3 54.647100726970677 44.422081525949920
4 33.206502212971941 42.943597864479102
5 19.070613113694062 25.114736709748719
2 5
0 3
1 4
74 74 74 74
6
0 34.490010735971850 9.508977528801893
1 53.445475434216746 7.888667952257151
2 65.297939183302930 25.114736709748719
3 54.694006657324564 44.503324980499087
4 33.206396973924370 42.943780143856429
5 18.741672112632717 25.114736709748719
2 5
0 3
1 4
75 75 75 75
6
0 34.475810870019814 9.484382639512205
1 53.471692097815321 7.843259358899559
2 65.332152721685446 25.114736709748719
3 54.740913037924827 44.584569214897897
4 33.206291758919463 42.943962381590723
5 18.431131684940567 25.114736709748719
2 5
0 3
1 4
76 76 76 76
6
0 34.476809827042757 9.486112883830629
1 53.497908490035172 7.797851235583494
2 65.366366705841244 25.114736709748719
3 54.787819259235505 44.665813173399101
4 33.206186072511684 42.944145435818655
5 18.120593140908362 25.114736709748719
2 5
0 3
1 4
77 77 77 77
6
0 34.479042642682259 9.489980233962115
1 53.524125169987485 7.752442613900371
2 65.400579189863407 25.114736709748719
3 54.834725423563214 44.747057033202850
4 33.206031137508489 42.944413791116062
5 17.810052689845083 25.114736709748719
2 5
0 3
1 4
78 78 78 78
6
0 34.481275593614043 9.493847818426730
1 53.550341836209270 7.707034015999170
2 65.505543946035274 25.114736709748719
3 54.886358705752514 44.836488501316353
4 33.203832005357526 42.948222799734026
5 17.499512467503788 25.114736709748719
2 5
0 3
1 4
79 79 79 79
6
0 34.483508105891531 9.497714643119934
1 53.576558367232053 7.661625652269436
2 65.612439940756175 25.114736709748719
3 54.965915287314147 44.974284542657529
4 33.201634585799582 42.952028842054006
5 17.188973620070993 25.114736709748719
2 5
0 3
1 4
80 80 80 80
6
0 16.878434364405621 25.114736709748719
1 33.199435483128298 42.955837799611686
2 54.989471652531790 45.015085364056176
3 65.719336332087977 25.114736709748719
4 53.597531165226030 7.625299700566984
5 34.485740916490329 9.501581984520726
0 3
2 5
1 4
81 81 81 81
6
0 16.671597087503713 25.114736709748719
1 33.197236483042161 42.959646579486730
2 55.026309934590074 45.078891140244650
3 65.826227235199838 25.114736709748719
4 53.604906221877741 7.612525727737648
5 34.487973484737097 9.505448906155493
0 3
2 5
1 4
82 82 82 82
6
0 16.601238889589588 25.114736709748719
1 33.195036545670405 42.963456982788102
2 55.063147705951280 45.142696031879836
3 65.933123486056019 25.114736709748719
4 53.612281135458886 7.599752002713672
5 34.490206428302713 9.509316477861603
0 3
2 5
1 4
83 83 83 83
6
0 16.533375308668411 25.114736709748719
1 33.192837607731747 42.967265655020583
2 55.099983961232454 45.206498297587473
3 66.040019227543723 25.114736709748719
4 53.619656086509167 7.586978212791223
5 34.492439386265517 9.513184074504238
0 3
2 5
1 4
84 84 84 84
6
0 16.465511317280225 25.114736709748719
1 33.190638623825294 42.971074406871480
2 55.136821747301269 45.270303214696924
3 66.178274306104441 25.114736709748719
4 53.646143643383425 7.541100418516635
5 34.493024692285701 9.514197854269241
0 3
2 5
1 4
85 85 85 85
6
0 16.411503986365414 25.114736709748719
1 33.188439310767080 42.974883728830036
2 55.173657976587037 45.334105435379115
3 66.380290132253677 25.114736709748719
4 53.685855392885856 7.472317650721038
5 34.492394859054173 9.513106951111922
0 3
2 5
1 4
86 86 86 86
6
0 16.512329723645383 25.114736709748719
1 33.186240443305394 42.978692278992867
2 55.210495727207217 45.397910291089829
3 66.543224215777812 25.114736709748719
4 53.741322300122590 7.376246149248232
5 34.491765419244189 9.512016729380775
0 3
2 5
1 4
87 87 87 87
6
0 16.614650852798359 25.114736709748719
1 33.184041822581207 42.982500401793686
2 55.247333157165315 45.461714591397595
3 66.705254575632225 25.114736709748719
4 53.780133192742312 7.309023711343798
5 34.491135905796796 9.510926380105730
0 3
2 5
1 4
88 88 88 88
6
0 16.716972596355689 25.114736709748719
1 33.181843188455900 42.986308547806061
2 55.284170402462337 45.525518571862904
3 66.867292761777961 25.114736709748719
4 53.806394795357164 7.263537281326649
5 34.490506074043935 9.509835479509661
0 3
2 5
1 4
89 89 89 89
6
0 16.819293992101141 25.114736709748719
1 33.179643280928644 42.990118899415165
2 55.321007761691419 45.589322749664348
3 67.007942029160120 25.114736709748719
4 53.832655905962724 7.218051703494666
5 34.489876757898003 9.508745471970883
0 3
2 5
1 4
90 90 90 90
6
0 16.921616073009499 25.114736709748719
1 33.177443982301781 42.993928196377851
2 55.380685385259426 45.692687425759118
3 67.111407270918050 25.114736709748719
4 53.858916590175284 7.172566864197051
5 34.489247432657180 9.507655448679316
0 3
2 5
1 4
91 91 91 91
6
0 17.023938592106454 25.114736709748719
1 33.175943580250703 42.996526968962144
2 55.450790713113634 45.814113415483803
3 67.214872594151061 25.114736709748719
4 53.885177924304060 7.127080899211364
5 34.488617810526648 9.506564911159671
0 3
2 5
1 4
92 92 92 92
6
0 17.126259746595949 25.114736709748719
1 33.175346082356725 42.997561865671855
2 55.488374613510587 45.879210640517954
3 67.318337976554872 25.114736709748719
4 53.911994692261828 7.080632894613700
5 34.487987991544628 9.505474032683196
0 3
2 5
1 4
93 93 93 93
6
0 17.228580687302788 25.114736709748719
1 33.174749845323390 42.998594578506982
2 55.506828447060116 45.911173617820168
3 67.421801541305683 25.114736709748719
4 53.939117295561800 7.033655167664620
5 34.487358588893926 9.504383875313692
0 3
2 5
1 4
94 94 94 94
8
0 17.424320172763711 25.114736709748719
1 33.174153596505732 42.999627311753216
2 55.554276231415827 45.993355591030877
3 63.592970941341491 40.542163583837691
4 63.730116847373438 40.304619906540211
5 67.525266995197754 25.114736709748719
6 53.966240181287901 6.986676951539266
7 34.486728928312289 9.503293271194821
0 5
2 7
1 6
3 4
95 95 95 95
8
0 17.596492520079686 25.114736709748719
1 33.173556836635896 43.000660930167669
2 55.602996853821310 46.077742184413523
3 63.404321783809110 40.868913509488834
4 63.816824784913990 40.154437353300523
5 67.628738074699029 25.114736709748719
6 53.993362919885271 6.939698990248075
7 34.486099236284190 9.502202612609040
0 5
2 7
1 6
3 4
96 96 96 96
8
0 17.709952822589109 25.114736709748719
1 33.172958585125514 43.001697132179288
2 55.651719968633813 46.162133094771775
3 63.215672035402633 41.195664458563897
4 63.903535013620626 40.004250831644640
5 67.732203622028692 25.114736709748719
6 54.020485859151393 6.892720681388596
7 34.485469451682604 9.501111793681275
0 5
2 7
1 6
3 4
97 97 97 97
8
0 17.823411647422123 25.114736709748719
1 33.172362498029770 43.002729585314796
2 55.700441042113084 46.246520469437201
3 63.027021679884172 41.522416459187866
4 64.140872118756135 39.593170907028707
5 67.835669490819157 25.114736709748719
6 54.047650317992350 6.845670458515883
7 34.484839669340772 9.500020978667521
0 5
2 7
1 6
3 4
98 98 98 98
8
0 17.936870514184722 25.114736709748719
1 33.171765843072706 43.003763022015164
2 55.749162677224319 46.330908816877695
3 62.838371376167174 41.849168370088933
4 64.666475370564115 38.682799370273756
5 67.939132135073038 25.114736709748719
6 54.085199460030594 6.780633436725111
7 34.484210418921691 9.498931084970991
0 5
2 7
1 6
3 4
99 99 99 99
8
0 18.050332390775093 25.114736709748719
1 33.171169842028633 43.004795326104841
2 55.797884365482616 46.415297256371559
3 62.649717666556171 42.175926180171587
4 65.995156405939269 36.381456309950863
5 68.041103989154323 25.114736709748719
6 54.122748607517508 6.715596405496854
7 34.483580676843303 9.497840339695585
0 5
2 7
1 6
3 4
100 100 100 100
8
0 18.163789142765118 25.114736709748719
1 33.170572985976548 43.005829111111780
2 55.846606130081454 46.499685828091174
3 62.368620242091424 42.662801201221214
4 66.896664822134994 34.819997929648821
5 68.105524706592860 25.114736709748719
6 54.160297235983933 6.650560273238511
7 34.482951381537873 9.496750368253515
0 5
2 7
1 6
3 4
101 101 101 101
8
0 18.277249872076691 25.114736709748719
1 33.169975157380804 43.006864580613865
2 55.895328873859000 46.584076095797968
3 61.779014799320180 43.684027784520140
4 66.976498491262532 34.681721958565390
5 68.146986484539937 25.114736709748719
6 54.197960690566106 6.585325256313581
7 34.483848475966511 9.498304181383105
0 5
2 7
1 6
3 4
102 102 102 102
8
0 18.390709099670151 25.114736709748719
1 33.169378316155985 43.007898339939288
2 55.944049580528770 46.668462835130754
3 61.686262495069400 43.844679488001702
4 67.056331065476968 34.543447883927001
5 68.156459293962570 25.114736709748719
6 54.235790866893353 6.519801468855576
7 34.487584147326174 9.504774553978450
0 5
2 7
1 6
3 4
103 103 103 103
8
0 18.504169238678465 25.114736709748719
1 33.168782274425439 43.008930714500025
2 55.992771417065569 46.752851531450574
3 61.593508396244999 44.005334299775768
4 67.136165583243383 34.405170442957797
5 68.165928100787369 25.114736709748719
6 54.273621677362257 6.454276583031856
7 34.491319097719611 9.511243677823586
0 5
2 7
1 6
3 4
104 104 104 104
8
0 18.617629194702563 25.114736709748719
1 33.168185692871930 43.009964024061560
2 56.041493539345481 46.837240722691945
3 61.500755467750423 44.165987084479070
4 67.166276378741600 34.353017015298519
5 68.187397927293276 25.114736709748719
6 54.311452392813862 6.388751861783021
7 34.495054165624026 9.517713005203859
0 5
2 7
1 6
3 4
105 105 105 105
8
0 18.731087943407584 25.114736709748719
1 33.167587575832215 43.010999993163182
2 56.088385249628288 46.918459547355496
3 61.408002342669135 44.326640209680704
4 67.142719249456889 34.393819160100065
5 68.195149611164268 25.114736709748719
6 54.366983720353801 6.292568781072077
7 34.498789100661440 9.524182102451505
0 5
2 7
1 6
3 4
106 106 106 106
8
0 18.844548601641339 25.114736709748719
1 33.166991057500638 43.012033193221214
2 56.141961648571737 47.011256592412224
3 61.315249821196858 44.487292289400898
4 67.119153990317784 34.434635386222567
5 68.199849986468664 25.114736709748719
6 54.429089575554485 6.184998284417020
7 34.502524811371416 9.530652543203701
0 5
2 7
1 6
3 4
107 107 107 107
8
0 18.958006771398026 25.114736709748719
1 33.166394512202714 43.013066439986233
2 56.205509798143169 47.121325216196965
3 61.222497326455880 44.647944322820990
4 67.130177494866302 34.415542116267147
5 68.204555792527415 25.114736709748719
6 54.457602413736254 6.135612600018248
7 34.506259687790418 9.537121538921269
0 5
2 7
1 6
3 4
108 108 108 108
8
0 19.071465424966938 25.114736709748719
1 33.165798000232314 43.014099629026305
2 56.247202172036680 47.193538526068664
3 61.131573533255960 44.805428952260172
4 67.191730289357110 34.308929548861101
5 68.209261151623664 25.114736709748719
6 54.486115944089590 6.086225716743115
7 34.509994656172921 9.543590693924443
0 5
2 7
1 6
3 4
109 109 109 109
12
0 19.184928058701701 25.114736709748719
1 33.165201524352426 43.015132755555669
2 56.288894549314136 47.265751841801489
3 61.059013356969103 44.931106864195044
4 67.253290876083327 34.202303484907588
5 68.213966529123013 25.114736709748719
6 66.848182601731651 15.325501820846171
7 66.553888810651245 14.815770022342917
8 65.639672299676874 13.232300576216971
9 65.532217105505481 13.046182720374873
10 54.514629214370018 6.036839283927407
11 34.513730170948861 9.550060795308923
0 5
2 11
1 10
6 7
8 9
3 4
110 110 110 110
12
0 19.298384681029212 25.114736709748719
1 33.164603403506817 43.016168731249422
2 56.330586925573812 47.337965155771485
3 60.989159531091559 45.052097239718137
4 67.314851215285671 34.095677849677941
5 68.218667710555550 25.114736709748719
6 67.041634480524976 15.660570303735881
7 66.234446115426294 14.262479044106612
8 65.635276612925054 13.224687023428601
9 64.994742901490895 12.115250091263874
10 54.543142186100397 5.987453368215597
11 34.517460397432387 9.556521737102003
0 5
2 11
1 10
6 7
8 9
3 4
111 111 111 111
12
0 19.411847348673049 25.114736709748719
1 33.164006923992645 43.017201864073513
2 56.372279308663622 47.410178481571734
3 60.919366770250974 45.172981847494498
4 67.376403482636817 33.989066195304645
5 68.223372953728330 25.114736709748719
6 67.180809763500122 15.901628965006580
7 65.649047325428569 13.248538597141078
8 65.630879040811578 13.217070205098139
9 64.845329429326057 11.856458366139123
10 54.571655735754746 5.938066451510167
11 34.520949339704373 9.562564762381840
0 5
2 11
1 10
6 7
8 9
3 4
112 112 112 112
10
0 19.525303769051749 25.114736709748719
1 33.163410485787608 43.018234925348338
2 56.418339952619476 47.489957857132595
3 60.849574508702005 45.293865590472478
4 67.461018291736366 33.842509046871555
5 68.228078216703679 25.114736709748719
6 67.337184281875864 16.172477575842549
7 64.683191150292544 11.575626629001363
8 54.600168757940594 5.888680448406944
9 34.524437349849052 9.568606173169769
0 5
2 9
1 8
6 7
3 4
113 113 113 113
10
0 19.658136695519197 25.114736709748719
1 33.162814317647928 43.019267518856054
2 56.482842750012537 47.601679979447681
3 60.775370672135921 45.422390405521469
4 67.565935317967160 33.660787426860793
5 68.237061654263243 25.114736709748719
6 67.519607361568717 16.488443618343808
7 64.521058055238996 11.294803870780243
8 54.628682385560296 5.839293396661560
9 34.527926251233112 9.574649127629527
0 5
2 9
1 8
6 7
3 4
114 114 114 114
10
0 19.791720516267304 25.114736709748719
1 33.162216304738536 43.020303307598738
2 56.507947999083569 47.645163546375329
3 60.676485559504044 45.593664444711976
4 67.670835990466855 33.479094132343107
5 68.326750913490315 25.114736709748719
6 67.702016280019336 16.804385132853895
7 64.358918523150237 11.013969963287082
8 54.639871291605061 5.819913642910819
9 34.531414538322963 9.580691018100538
0 5
2 9
1 8
6 7
3 4
115 115 115 115
10
0 19.925304138656962 25.114736709748719
1 33.161619292331295 43.021337363420798
2 56.533054611021612 47.688649473858050
3 60.577601051344118 45.764937436926516
4 67.775754468780917 33.297369997250371
5 68.416440085114829 25.114736709748719
6 67.884430931210147 17.120336576761360
7 64.196784917028708 10.733146319870229
8 54.650505914698272 5.801493935393978
9 34.534902636977506 9.586732582191985
0 5
2 9
1 8
6 7
3 4
116 116 116 116
10
0 20.058889785485988 25.114736709748719
1 33.161023033540857 43.022370113940269
2 56.558161136332615 47.732135251298132
3 60.478713970310537 45.936214885488766
4 67.880663308039402 33.115662557491646
5 68.506133587356047 25.114736709748719
6 67.984640838575160 17.293905227739401
7 64.080192445827777 10.531202235970227
8 54.661140994762832 5.783073436379709
9 34.538390831861022 9.592774312956863
0 5
2 9
1 8
6 7
3 4
117 117 117 117
10
0 20.192472046420601 25.114736709748719
1 33.160426693439376 43.023403005294654
2 56.583267524578844 47.775620791335200
3 60.400900783036946 46.070991279345549
4 67.985566519405268 32.933964865528765
5 68.595815096021653 25.114736709748719
6 68.029134339689506 17.370970232276022
7 64.009505930838145 10.408769600598134
8 54.671775672820729 5.764653633661283
9 34.541879318509075 9.598816549072922
0 5
2 9
1 8
6 7
3 4
118 118 118 118
10
0 20.326059351267720 25.114736709748719
1 33.160998976038684 43.022411782756308
2 56.608374055007516 47.819106577639445
3 60.348820491244510 46.161196990803091
4 68.118467485107885 32.703773640556847
5 68.685509420349391 25.114736709748719
6 68.073628866596493 17.448037013537601
7 63.886701211237607 10.196065586840859
8 54.682410409342367 5.746233729680739
9 34.547791910563092 9.609057458914890
0 5
2 9
1 8
6 7
3 4
119 119 119 119
10
0 20.413684065028630 25.114736709748719
1 33.163464484759231 43.018141396385886
2 56.633479617524586 47.862590687471538
3 60.300897349827608 46.244202306595525
4 68.333671797541228 32.331028837414465
5 68.775199245119410 25.114736709748719
6 68.118111160577598 17.525082606750061
7 63.800529150945181 10.046811200221441
8 54.679433440588696 5.751389990814573
9 34.555474857724789 9.622364713750812
0 5
2 9
1 8
6 7
3 4
120 120 120 120
10
0 34.563157997462895 9.635672302138914
1 54.665533395317652 5.775465575451562
2 63.722005324756140 9.910803943657243
3 68.178887532938802 17.630350371579425
4 68.831290595428555 25.114736709748719
5 68.456929981018448 32.117539401183194
6 60.252973550079332 46.327208762651253
7 56.658585517512563 47.906075381820528
8 33.165931210075200 43.013868902810259
9 20.484743909769591 25.114736709748719
4 9
0 7
1 8
2 3
5 6
121 121 121 121
10
0 34.570840336899209 9.648978504363640
1 54.651633126828983 5.799541546712703
2 63.657589121962985 9.799231807588853
3 68.273724976747758 17.794613642716513
4 68.833626974880858 25.114736709748719
5 68.580198923508249 31.904031329795657
6 59.594909135578348 47.467009763219949
7 56.677352213030872 47.938580251948338
8 33.168398527123998 43.009595384323347
9 20.555803563152281 25.114736709748719
4 9
0 7
1 8
2 3
5 6
122 122 122 122
10
0 34.578523424728360 9.662286002842620
1 54.637733065883253 5.823617158499019
2 63.593174989235422 9.687663256979249
3 68.352172830624113 17.930489311375140
4 68.803201102937507 25.114736709748719
5 68.734642712040738 31.636526841143905
6 59.378620363675452 47.841632905262486
7 56.673853928791004 47.932521045905673
8 33.170865214219987 43.005322956946770
9 20.626864057058558 25.114736709748719
4 9
0 7
1 8
2 3
5 6
123 123 123 123
10
0 34.586206465033115 9.675593419007100
1 54.639289998056029 5.820920472871762
2 63.528759708836276 9.576092718544146
3 68.418391920651402 18.045184139733351
4 68.772774192882679 25.114736709748719
5 68.885980413339723 31.374402253393441
6 59.318747567405808 47.945335630392719
7 56.670354137377444 47.926459229361399
8 33.173331451629792 43.001051308449405
9 20.697922820283651 25.114736709748719
4 9
0 7
1 8
2 3
5 6
124 124 124 124
10
0 34.593889637244388 9.688901063640287
1 54.680335759280240 5.749827128996230
2 63.464345268645957 9.464523635393334
3 68.484619746114333 18.159894098309906
4 68.759818583743495 25.114736709748719
5 68.912247189560503 31.328906862427971
6 59.263046119281626 48.041813368599037
7 56.666855592855484 47.920399572496876
8 33.175798238750758 42.996778707824546
9 20.768981973300388 25.114736709748719
4 9
0 7
1 8
2 3
5 6
125 125 125 125
10
0 34.601572423692460 9.702208040112055
1 54.721381021806565 5.678734648890554
2 63.399931242858599 9.352955270009602
3 68.550838355486860 18.274588094149749
4 68.749647051535604 25.114736709748719
5 68.938506953697186 31.283423616748451
6 59.232296135812589 48.095073902299191
7 56.663357404932526 47.914340533279869
8 33.178265382037580 42.992505490302165
9 20.840041963398022 25.114736709748719
4 9
0 7
1 8
2 3
5 6
126 126 126 126
10
0 34.609255546857469 9.715515599794685
1 54.762426444785035 5.607641890873765
2 63.357642542744998 9.279709092826920
3 68.617059893659018 18.389287162819301
4 68.739475683969147 25.114736709748719
5 68.964767319128043 31.237939329596884
6 59.275146502985251 48.020854889233192
7 56.659858851832780 47.908280861558069
8 33.180732626133818 42.988232098172830
9 20.911102048965041 25.114736709748719
4 9
0 7
1 8
2 3
5 6
127 127 127 127
10
0 20.993502107573523 25.114736709748719
1 33.186074088157511 42.978980414561079
2 56.656358476453761 47.902218033556096
3 59.335475464392346 47.916362062908206
4 68.991027249229717 31.192455796457580
5 68.729304360620333 25.114736709748719
6 68.683278689914971 18.503981482350582
7 63.318994425818858 9.212768590693940
8 54.803471901377748 5.536549074635218
9 34.616938218807832 9.728822377950564
0 5
2 9
1 8
6 7
3 4
128 128 128 128
10
0 21.077705736300622 25.114736709748719
1 33.194195786172656 42.964913220955054
2 56.640486503657769 47.874726970257029
3 59.395804352448351 47.811869363631104
4 69.017289918027529 31.146967519757482
5 68.719132819453705 25.114736709748719
6 68.749499613227272 18.618679486051633
7 63.219077361659231 9.039707159026307
8 54.844517578415434 5.465455876574993
9 34.624621342490059 9.742129938529047
0 5
2 9
1 8
6 7
3 4
129 129 129 129
10
0 21.161908095182394 25.114736709748719
1 33.202317008954935 42.950846850476637
2 56.662169637023794 47.912283258914272
3 59.479396088764702 47.667084229238299
4 69.043550266961290 31.101483261179624
5 68.708960953821332 25.114736709748719
6 68.769512409723063 18.653342666383878
7 63.168762759825199 8.952559712287211
8 54.880099594048431 5.403826017662936
9 34.632303836928997 9.755436409226149
0 5
2 9
1 8
6 7
3 4
130 130 130 130
10
0 21.246112843876347 25.114736709748719
1 33.210439440874438 42.936778385711023
2 56.700022458548290 47.977846269004658
3 59.726514075341242 47.239063321023650
4 69.069810799045513 31.055998685375926
5 68.710322556722687 25.114736709748719
6 68.786592482901028 18.682926220925083
7 63.123445122599321 8.874067262132940
8 54.907120625219591 5.357024218801598
9 34.639986960604233 9.768743969792467
0 5
2 9
1 8
6 7
3 4
131 131 131 131
10
0 21.330315414232771 25.114736709748719
1 33.218560462205517 42.922712364156268
2 56.730117188228121 48.029971869850215
3 59.708997602101817 47.269402742643706
4 69.096071574954181 31.010513687255980
5 68.760024924870009 25.114736709748719
6 68.803673407274232 18.712511249779709
7 63.078128204032168 8.795576056732216
8 54.926635453374843 5.323223544935672
9 34.647669633117516 9.782050748923439
0 5
2 9
1 8
6 7
3 4
132 132 132 132
10
0 21.414518971163741 25.114736709748719
1 33.226681975552594 42.908645490404751
2 56.760212050667860 48.082097700642521
3 59.686547415066002 47.308287607229090
4 69.122333065123485 30.965027452000299
5 68.830388335165694 25.114736709748719
6 68.820751952597050 18.742092157998286
7 63.032811808018835 8.717085756421284
8 54.935044296165472 5.308659001989440
9 34.655352757421895 9.795358310579445
0 5
2 9
1 8
6 7
3 4
133 133 133 133
10
0 21.498721637600724 25.114736709748719
1 33.234802069333568 42.894581075413839
2 56.790306019392347 48.134221983474845
3 59.587709669939102 47.479479603494497
4 69.168093201956765 30.885768570043751
5 68.946116349784560 25.114736709748719
6 68.837834740472999 18.771680414534330
7 62.987494923382940 8.638594609791085
8 54.948520636029855 5.285317296644166
9 34.663035777147854 9.808665691100373
0 5
2 9
1 8
6 7
3 4
134 134 134 134
10
0 21.582924994270819 25.114736709748719
1 33.242923665644867 42.880514057964092
2 56.820401458497997 48.186348813081850
3 59.410488636652019 47.786435437317550
4 69.237019698482072 30.766384376074257
5 69.061849436208291 25.114736709748719
6 68.857554827826277 18.805836607759829
7 62.942178598078044 8.560104431950663
8 54.966146935795621 5.254787649900550
9 34.670718903623197 9.821973256516685
0 5
2 9
1 8
6 7
3 4
135 135 135 135
10
0 21.667128854707400 25.114736709748719
1 33.251045286106773 42.866446998684296
2 56.850495324342432 48.238472917720628
3 59.317001840534886 47.948359318029247
4 69.305947751769395 30.646997485713655
5 69.177582322348343 25.114736709748719
6 68.883941170451692 18.851539093813017
7 62.896859495527281 8.481609443779348
8 54.983773149851004 5.224258151611480
9 34.678401579135539 9.835280040842008
0 5
2 9
1 8
6 7
3 4
136 136 136 136
10
0 21.751330882069958 25.114736709748719
1 33.259166952110377 42.852379860524024
2 56.880588751297296 48.290596262180202
3 59.231018808484350 48.097286298129688
4 69.370296807182115 30.535541652319807
5 69.293315268519748 25.114736709748719
6 68.910319942007106 18.897228466388242
7 62.851543183106344 8.403119288254629
8 55.001399740171735 5.193728001611817
9 34.686084706658789 9.848587608073444
0 5
2 9
1 8
6 7
3 4
137 137 137 137
10
0 21.835533886980304 25.114736709748719
1 33.267288033350269 42.838313735204110
2 56.910684300315438 48.342723282161387
3 59.145036134544057 48.246212657964861
4 69.431948907226456 30.428757082649668
5 69.409040710929844 25.114736709748719
6 68.936705397919184 18.942929416608763
7 62.807534012331644 8.326893168473930
8 55.019025916898897 5.163198567977133
9 34.693767448136725 9.861894506654608
0 5
2 9
1 8
6 7
3 4
138 138 138 138
10
0 21.919737824224317 25.114736709748719
1 33.275409810693361 42.824246404198107
2 56.940778120681216 48.394847308028716
3 59.059051267876100 48.395142815715758
4 69.399457083160200 30.485034572763084
5 69.524773431589168 25.114736709748719
6 68.963084546804510 18.988619442738695
7 62.764756623373216 8.252800557382784
8 55.030210030128444 5.143827115625982
9 34.701450119917297 9.875201284516493
0 5
2 9
1 8
6 7
3 4
139 139 139 139
10
0 22.003940770486320 25.114736709748719
1 33.283530934809789 42.810180204613857
2 56.970873735313148 48.446974441656153
3 58.976605093221906 48.537943779106513
4 69.506999749712350 30.298765210313263
5 69.615725657213716 25.114736709748719
6 68.989469587289136 19.034319673417713
7 62.721978140567387 8.178706051692302
8 55.005278309095104 5.187010123175924
9 34.709133243515907 9.888508844950024
0 5
2 9
1 8
6 7
3 4
140 140 140 140
10
0 22.081436667601000 25.114736709748719
1 33.291651356719626 42.796115221287209
2 56.999938622108459 48.497316302301897
3 58.919064734008145 48.637606604750545
4 69.665511467530678 30.024214861456926
5 69.653776866655434 25.114736709748719
6 69.015847532266548 19.080007614317879
7 62.679198836352782 8.104610123280281
8 54.980347425225261 5.230191680716075
9 34.716816274666314 9.901816245258715
0 5
2 9
1 8
6 7
3 4
141 141 141 141
10
0 22.114993259481615 25.114736709748719
1 33.299772695055310 42.782048650664251
2 56.996671800022568 48.491658000469897
3 58.900962789904952 48.668960091653048
4 69.826697746744344 29.745032036375846
5 69.691832480948577 25.114736709748719
6 69.042230500859034 19.125704256374661
7 62.636420925856896 8.030516608859671
8 54.955416257321019 5.273373730218168
9 34.724499040461012 9.915123185957782
0 5
2 9
1 8
6 7
3 4
142 142 142 142
10
0 22.161870307067840 25.114736709748719
1 33.307894549665150 42.767981185828376
2 56.993405921703243 48.486001333289551
3 58.917593972083523 48.640154039129811
4 69.987883621195522 29.465849912363979
5 69.729886117207329 25.114736709748719
6 69.099234801525881 19.224438601379575
7 62.597208726456927 7.962599087222429
8 54.930485046003810 5.316555854913872
9 34.732182077119717 9.928430595807072
0 5
2 9
1 8
6 7
3 4
143 143 143 143
10
0 22.208747255327921 25.114736709748719
1 33.316015658611263 42.753915012519883
2 56.990140697956292 48.480345799861652
3 58.934224938316675 48.611348360635020
4 70.083312118689719 29.300562906214054
5 69.767935925126835 25.114736709748719
6 69.167822525212330 19.343236023579948
7 62.583667430098842 7.939144873929877
8 54.868981542541803 5.423083047753607
9 34.739865205115223 9.941738163856257
0 5
2 9
1 8
6 7
3 4
144 144 144 144
10
0 22.255625332629801 25.114736709748719
1 33.324137576048145 42.739847438864331
2 56.986873883066608 48.474687510493823
3 58.958614615486624 48.569104200596485
4 70.136157033642348 29.209032828594445
5 69.805991469184846 25.114736709748719
6 69.236411846888529 19.462036213579722
7 62.570129334268529 7.915696204113942
8 54.818086918010920 5.511235123273195
9 34.747548250996545 9.955045589679685
0 5
2 9
1 8
6 7
3 4
145 145 145 145
10
0 22.302501510939820 25.114736709748719
1 33.332258710078634 42.725781222108367
2 56.983607918380244 48.469030693721379
3 58.984645338276039 48.524017666167424
4 70.189004266638335 29.117498736006041
5 69.844045219354584 25.114736709748719
6 69.303153298758673 19.577635799189807
7 62.556589910111313 7.892245233568474
8 54.834045863153221 5.483593419451495
9 34.755230446874691 9.968351543254244
0 5
2 9
1 8
6 7
3 4
146 146 146 146
10
0 22.349378557023844 25.114736709748719
1 33.340380742095874 42.711713449993795
2 56.994559262469579 48.487998978095220
3 59.010675840283284 48.478931514144392
4 70.241850409122776 29.025966532238954
5 69.882100779513976 25.114736709748719
6 69.354972615688268 19.667389488925437
7 62.550967530736671 7.882506986832141
8 54.838173757104187 5.476443697400100
9 34.762913495970679 9.981658974645597
0 5
2 9
1 8
6 7
3 4
147 147 147 147
10
0 22.419790110114153 25.114736709748719
1 33.348501063213575 42.697648641244314
2 57.010401542749776 48.515438612448293
3 59.036706051737610 48.433845865373769
4 70.294699693599114 28.934428886382193
5 69.920150366399241 25.114736709748719
6 69.406786633285662 19.757133999948223
7 62.566504426854976 7.909417680300976
8 54.828051621424663 5.493975750678260
9 34.770596625988503 9.994966546197702
0 5
2 9
1 8
6 7
3 4
148 148 148 148
10
0 22.492254856998784 25.114736709748719
1 33.356622184966966 42.683582445752904
2 57.026243735385947 48.542878094997377
3 59.062735874348505 48.388760890099661
4 70.347546214652482 28.842896026914559
5 69.958205560465345 25.114736709748719
6 69.458600618221908 19.846878454400553
7 62.582043731502949 7.936332545465575
8 54.817929615684363 5.511507578894907
9 34.778279374934300 10.008273457713585
0 5
2 9
1 8
6 7
3 4
149 149 149 149
10
0 22.564720321261479 25.114736709748719
1 33.364744172264352 42.669514751095448
2 57.042086165095554 48.570317988169791
3 59.112556806510725 48.302468504314334
4 70.400392888354304 28.751362903052041
5 70.002127869724092 25.114736709748719
6 69.510420701683074 19.936633471807681
7 62.597583597385835 7.963248382717552
8 54.807806858201786 5.529040709167475
9 34.785962438155480 10.021580913570460
0 5
2 9
1 8
6 7
3 4
150 150 150 150
10
0 22.637184967124671 25.114736709748719
1 33.374474846549617 42.652660728841511
2 57.057928443087462 48.597757618559399
3 59.173056874158704 48.197679313286585
4 70.443388735624353 28.676891911065809
5 70.048809486323577 25.114736709748719
6 69.562234661200989 20.026377882233987
7 62.613120179015652 7.990158531476368
8 54.800416538216496 5.541841118866159
9 34.793645572142964 10.034888491998004
0 5
2 9
1 8
6 7
3 4
151 151 151 151
10
0 22.709650468396060 25.114736709748719
1 33.384223130738860 42.635776205339084
2 57.073770041113221 48.625196071213168
3 59.233557930611255 48.092888409599254
4 70.479696060305344 28.614005780031448
5 70.095490929619260 25.114736709748719
6 69.614048661293737 20.116122362938086
7 62.628659063672956 8.017072669195727
8 54.805798744912124 5.532518863412406
9 34.801328736608127 10.048196123214666
0 5
2 9
1 8
6 7
3 4
152 152 152 152
10
0 22.782114064950843 25.114736709748719
1 33.393970449535061 42.618893353946419
2 57.089612326306792 48.652635714076382
3 59.289573120769035 47.995867254250243
4 70.454853431084871 28.657034476034823
5 70.142179495465854 25.114736709748719
6 69.665862759937454 20.205867014337286
7 62.644198289710232 8.043987398202603
8 54.811181365070297 5.523195891820592
9 34.809011469173697 10.061503006359203
0 5
2 9
1 8
6 7
3 4
153 153 153 153
10
0 22.854579656388314 25.114736709748719
1 33.403718711483975 42.602008868965413
2 57.105455287597010 48.680076527973370
3 59.263038688595373 48.041826238925069
4 70.404965783989269 28.743442415474533
5 70.188861207372597 25.114736709748719
6 69.717681787588162 20.295620203027170
7 62.637791533052223 8.032890570159225
8 54.816563803322424 5.513873235299343
9 34.816693934901309 10.074809427326841
0 5
2 9
1 8
6 7
3 4
154 154 154 154
10
0 22.927045199516975 25.114736709748719
1 33.413464423828714 42.585128800028428
2 57.121296876291410 48.707514964464735
3 59.236507310328307 48.087779934078412
4 70.430501092168129 28.699213964321871
5 70.247960214547319 25.114736709748719
6 69.750518066998836 20.352494307298002
7 62.599593116453320 7.966728971841235
8 54.821946198904129 5.504550652685452
9 34.824377063001123 10.088116995556675
0 5
2 9
1 8
6 7
3 4
155 155 155 155
10
0 34.832059741071191 10.101423784312260
1 54.827328310906012 5.495228561246108
2 62.561394658668064 7.900567302186346
3 69.770818496553659 20.387655682702416
4 70.326849168689208 25.114736709748719
5 70.456037917683886 28.654982885064555
6 59.208009591848736 48.137139430384877
7 57.137139165810993 48.734954614820822
8 33.423212703228785 42.568244284821048
9 22.999508860665042 25.114736709748719
4 9
0 7
1 8
2 3
5 6
156 156 156 156
10
0 34.839742872365036 10.114731358074437
1 54.833817963465890 5.483988153288919
2 62.523196130049428 7.834405509844487
3 69.791127683616025 20.422832226554874
4 70.405737562614050 25.114736709748719
5 70.481575042923225 28.610751286670734
6 59.178956034706346 48.187461667496109
7 57.152982123244783 48.762395422038253
8 33.432960092026008 42.551361312183190
9 23.071974485722304 25.114736709748719
4 9
0 7
1 8
2 3
5 6
157 157 157 157
10
0 23.144439004319739 25.114736709748719
1 33.442708259105814 42.534476991520251
2 57.168823043805446 48.789832701288105
3 59.149904386727087 48.237780597839787
4 70.507112188078224 28.566519653781938
5 70.484633099267697 25.114736709748719
6 69.811438764692809 20.458012050936532
7 62.484997855729148 7.768244157960339
8 54.841015674346011 5.471521352346485
9 34.847426000032442 10.128038925555416
0 5
2 9
1 8
6 7
3 4
158 158 158 158
10
0 23.216904677339027 25.114736709748719
1 33.452455672076667 42.517593977012439
2 57.130540180522758 48.723524837023206
3 59.120851459068490 48.288101744653090
4 70.517864937110971 28.547895346136215
5 70.529007958309336 25.114736709748719
6 69.831747912861317 20.493188527422831
7 62.446799188743000 7.702082125958896
8 54.848213179565846 5.459054907617883
9 34.855213391494942 10.141527083226833
0 5
2 9
1 8
6 7
3 4
159 159 159 159
10
0 23.289369147929321 25.114736709748719
1 33.462203874078227 42.500709595863214
2 57.087526362585209 48.649022718927881
3 59.120563911428633 48.288599791775027
4 70.447954488086566 28.668983795826534
5 70.487478913535270 25.114736709748719
6 69.852057156751869 20.528365169704557
7 62.408600558488331 7.635920157578312
8 54.855410648141969 5.446588526358141
9 34.863089594619453 10.155169067209386
0 5
2 9
1 8
6 7
3 4
160 160 160 160
10
0 23.361834916646174 25.114736709748719
1 33.471951213210389 42.483826709247751
2 57.044513238969671 48.574521803433413
3 59.135234817464891 48.263189037127063
4 70.466666911029620 28.636572928556461
5 70.500580396706397 25.114736709748719
6 69.884234527534886 20.584098010754701
7 62.370403406912885 7.569760750345267
8 54.862608270935311 5.434121877986399
9 34.870965737104257 10.168810946160647
0 5
2 9
1 8
6 7
3 4
161 161 161 161
10
0 23.434299259652203 25.114736709748719
1 33.481697967030414 42.466944836422613
2 57.028281719899041 48.546407987719135
3 59.149906705318188 48.237776581922276
4 70.459492644850343 28.648999122085911
5 70.513691076119230 25.114736709748719
6 69.996438560498746 20.778441096662277
7 62.333483157603894 7.505813002713921
8 54.869805543376970 5.421655836441573
9 34.878841369016868 10.182451940775081
0 5
2 9
1 8
6 7
3 4
162 162 162 162
10
0 23.506765160411959 25.114736709748719
1 33.491446023516346 42.450060707313924
2 57.014158330741395 48.521945560122958
3 59.172311051355621 48.198971116275061
4 70.565024350725650 28.466212845700511
5 70.526797405779661 25.114736709748719
6 70.108645860815670 20.972789841791382
7 62.300631827015309 7.448912829038250
8 54.877003172873231 5.409189176459904
9 34.886717189492231 10.196093261989631
0 5
2 9
1 8
6 7
3 4
163 163 163 163
10
0 23.579229378950775 25.114736709748719
1 33.501193675314028 42.433177279145866
2 57.000034986153935 48.497483209724692
3 59.209751617705365 48.134122153093131
4 70.705448595721521 28.222990918753112
5 70.539902640440602 25.114736709748719
6 70.220849363114439 21.167132008559975
7 62.280856291756663 7.414660597223360
8 54.881310028528162 5.401729483644772
9 34.894593349272100 10.209735170896806
0 5
2 9
1 8
6 7
3 4
164 164 164 164
10
0 23.651744629577298 25.114736709748719
1 33.510941564802692 42.416293439284914
2 56.985912808890532 48.473022881191014
3 59.223959269283455 48.109513778703558
4 70.837725324319820 27.993880904161870
5 70.553008166957000 25.114736709748719
6 70.333053651065711 21.361475536118633
7 62.284522975493701 7.421011479751314
8 54.883267961879767 5.398338243601870
9 34.902469365144384 10.223376830548887
0 5
2 9
1 8
6 7
3 4
165 165 165 165
10
0 23.728236566372214 25.114736709748719
1 33.520688701408801 42.399410903454850
2 56.971789365335724 48.448560359376302
3 59.235800849291138 48.089003560488436
4 70.916190192032900 27.857975766673690
5 70.566113629255838 25.114736709748719
6 70.426038772112634 21.522530490119834
7 62.327135966522405 7.494819345275459
8 54.861548241759920 5.435957902375662
9 34.910345458249481 10.237018623972062
0 5
2 9
1 8
6 7
3 4
166 166 166 166
10
0 23.804726603953412 25.114736709748719
1 33.530437372384426 42.382525710018740
2 56.957666603963958 48.424099019137202
3 59.256760148529679 48.052700989316236
4 70.994655168445604 27.722070440912148
5 70.589592474065043 25.114736709748719
6 70.462076511741543 21.584949686147070
7 62.371902312468194 7.572356930922751
8 54.824841886088961 5.499535175358460
9 34.918221509603427 10.250660345080064
0 5
2 9
1 8
6 7
3 4
167 167 167 167
10
0 23.881218301921020 25.114736709748719
1 33.540184475485887 42.365643232220464
2 56.943543553017491 48.399637177340082
3 59.277719226615091 48.016398801192508
4 71.073112315346464 27.586178676262875
5 70.613903009940316 25.114736709748719
6 70.498113739872338 21.647367996233584
7 62.416669035096504 7.649895169003344
8 54.788135019540960 5.563113333206275
9 34.922784076429878 10.258562942636445
0 5
2 9
1 8
6 7
3 4
168 168 168 168
10
0 23.957709023263561 25.114736709748719
1 33.549931213454784 42.348761386850242
2 56.929420820190558 48.375175886542138
3 59.298679846022196 47.980093943421252
4 71.140708658729750 27.469098375117255
5 70.638213743173310 25.114736709748719
6 70.528173144025970 21.699432411472912
7 62.461435503019743 7.727432965921821
8 54.755353970737701 5.619891775258907
9 34.926230709278798 10.264532685845779
0 5
2 9
1 8
6 7
3 4
169 169 169 169
10
0 24.034198599404526 25.114736709748719
1 33.559679328822654 42.331877155755024
2 56.915298131186944 48.350714671648348
3 59.320710450481158 47.941935817176841
4 71.115870821341332 27.512118771424070
5 70.687674364584666 25.114736709748719
6 70.537160535623684 21.714999030347599
7 62.512649310931863 7.816137883274678
8 54.724788891783135 5.672832044945608
9 34.936738110337046 10.282732038334188
0 5
2 9
1 8
6 7
3 4
170 170 170 170
10
0 24.110689996332038 25.114736709748719
1 33.588282575313428 42.282334879571636
2 56.901175407827168 48.326253397247910
3 59.376289294453272 47.845670435591160
4 71.091028710135220 27.555146570200350
5 70.737805794072443 25.114736709748719
6 70.546139869340323 21.730551692563040
7 62.567279020982255 7.910759316684675
8 54.694223339226710 5.725773134934684
9 34.948368030350082 10.302875650684655
0 5
2 9
1 8
6 7
3 4
171 171 171 171
10
0 24.187181085885737 25.114736709748719
1 33.597741892942111 42.265950860833868
2 56.887052727335345 48.301792197097029
3 59.431860059603650 47.749419046935259
4 71.066187773374452 27.598172334777587
5 70.787945212883187 25.114736709748719
6 70.555120323250719 21.746106295010804
7 62.621909072763856 8.005381341990642
8 54.663657782922712 5.778714231414824
9 34.967047785846091 10.335229936276846
0 5
2 9
1 8
6 7
3 4
172 172 172 172
10
0 24.263673184074484 25.114736709748719
1 33.607033011372152 42.249858171653841
2 56.872930107417289 48.277331101862956
3 59.487438125308472 47.653155013348169
4 71.063743218523996 27.602406427980554
5 70.838077273708038 25.114736709748719
6 70.564107525536826 21.761672585988208
7 62.676538394213196 8.100002102323856
8 54.645416811391556 5.810308520886224
9 34.985727246041392 10.367583710393092
0 5
2 9
1 8
6 7
3 4
173 173 173 173
10
0 24.328592215375625 25.114736709748719
1 33.618269363922423 42.230396238144976
2 56.858807018065761 48.252869193546303
3 59.543012971313317 47.556896556444940
4 71.087323300381854 27.561564528156055
5 70.888210168076327 25.114736709748719
6 70.573086775954891 21.777225103926298
7 62.732535411858976 8.196991781958673
8 54.642824430295263 5.814798656657558
9 35.004846345875194 10.400698962700176
0 5
2 9
1 8
6 7
3 4
174 174 174 174
10
0 24.384316872011212 25.114736709748719
1 33.636625804581342 42.198601950277634
2 56.844684532559825 48.228408331120818
3 59.598583811708863 47.460645037460495
4 71.131259105120307 27.485465482077643
5 70.938341954568770 25.114736709748719
6 70.582074069247994 21.792791552532435
7 62.831262176600433 8.367991554557761
8 54.640231811055003 5.819289204906340
9 35.024926715196329 10.435479182599124
0 5
2 9
1 8
6 7
3 4
175 175 175 175
10
0 33.654983089263794 42.166806200518636
1 56.837528043276677 48.216012928078612
2 59.675351154974180 47.327680098562951
3 71.097406210185625 27.544100416087872
4 70.988475349826814 25.114736709748719
5 70.490816170524624 21.634728235351645
6 62.954602915462999 8.581623980910763
7 54.619140397916794 5.855820604065229
8 35.045007112385974 10.470259450767799
9 24.440044328601214 25.114736709748719
4 9
1 8
0 7
5 6
2 3
176 176 176 176
10
0 33.673339587959788 42.135011812128027
1 56.842106585266777 48.223943195430024
2 59.771930205680974 47.160400275792085
3 71.031358415069235 27.658498552957212
4 71.038607512179027 25.114736709748719
5 70.360645360920614 21.409265779455041
6 63.077948979840585 8.795265631326515
7 54.594385013723411 5.898698187249011
8 35.065087470323931 10.505039650950494
9 24.501355683683705 25.114736709748719
4 9
1 8
0 7
5 6
2 3
177 177 177 177
10
0 33.691695895885118 42.103217754161960
1 56.846684111627383 48.231871703659635
2 59.868508223954564 46.993122241247875
3 70.965316604201803 27.772886324803608
4 71.088739172041628 25.114736709748719
5 70.230464029501434 21.183785099240140
6 63.201292235612641 9.008902417094646
7 54.569630065197146 5.941575015835269
8 35.085168004743309 10.539820156807991
9 24.628202583649330 25.114736709748719
4 9
1 8
0 7
5 6
2 3
178 178 178 178
10
0 33.710052710576406 42.071422818451651
1 56.818170064983462 48.182483926142936
2 59.965091305913859 46.825835436142825
3 70.899268680939031 27.887284683628991
4 71.067927420029065 25.114736709748719
5 70.208093073153577 21.145037466231656
6 63.324637380259674 9.222542474490183
7 54.544874345371113 5.984453180351920
8 35.105249083894194 10.574601606168130
9 24.755048291512750 25.114736709748719
4 9
1 8
0 7
5 6
2 3
179 179 179 179
10
0 24.881892120647876 25.114736709748719
1 33.728409605725119 42.039627743384813
2 56.780293169689457 48.116879219060706
3 60.061661983301235 46.658570116386500
4 70.876767700543496 27.926257524894254
5 71.075231147596099 25.114736709748719
6 70.240836646525395 21.201750998932994
7 63.447979551645631 9.436177382046480
8 54.520119625938833 6.027329612135645
9 35.125328970519888 10.609380990014074
0 5
2 9
1 8
6 7
3 4
180 180 180 180
10
0 25.008737433482356 25.114736709748719
1 33.746765938654960 42.007833642109745
2 56.731123204293397 48.031714340788312
3 60.127338032795649 46.544815861821689
4 70.899074989657549 27.887620166769580
5 71.094815304096969 25.114736709748719
6 70.273572736612721 21.258451570205352
7 63.521659850193714 9.563795402648680
8 54.495364605706300 6.070206564920795
9 35.145409385642495 10.644161289243470
0 5
2 9
1 8
6 7
3 4
181 181 181 181
10
0 25.135584107665853 25.114736709748719
1 33.765123074165217 41.976038150724435
2 56.663343146837633 47.914315837535014
3 60.155560391773292 46.495933302163053
4 70.921380345928810 27.848986156426804
5 71.133533291773688 25.114736709748719
6 70.306309560000670 21.315153411591723
7 63.574865322273581 9.655949983531627
8 54.470609466730139 6.113083723376008
9 35.165490235106120 10.678942340773574
0 5
2 9
1 8
6 7
3 4
182 182 182 182
10
0 25.262430660725272 25.114736709748719
1 33.783479186173338 41.944244432096980
2 56.577156456540592 47.765036111004406
3 60.183780183254953 46.447055189537764
4 70.943685853050397 27.810351884803708
5 71.229224940063503 25.114736709748719
6 70.339046877288297 21.371856108437441
7 63.628069989591324 9.748103170525724
8 54.445853700153805 6.155961968866563
9 35.196315572606693 10.732333391485099
0 5
2 9
1 8
6 7
3 4
183 183 183 183
10
0 25.389275440645129 25.114736709748719
1 33.801836353245506 41.912448886045013
2 56.539306439354277 47.699477958170291
3 60.212003379370287 46.398171179914016
4 70.965991755833784 27.771716927874195
5 71.324919250392355 25.114736709748719
6 70.371785408612084 21.428560908055374
7 63.681276494326994 9.840259540021179
8 54.421098740188881 6.198838817265141
9 35.228820272573159 10.788633183311731
0 5
2 9
1 8
6 7
3 4
184 184 184 184
10
0 25.516120041602743 25.114736709748719
1 33.831672964604593 41.860770359245294
2 56.510100858037219 47.648892407464587
3 60.240224255322119 46.349291188931375
4 70.977365326914423 27.752017324898929
5 71.420611470900852 25.114736709748719
6 70.404522731383963 21.485263614400083
7 63.945709249229992 10.298270506698600
8 54.396344035411687 6.241715223665665
9 35.261324744866329 10.844932580796694
0 5
2 9
1 8
6 7
3 4
185 185 185 185
10
0 25.642965307269225 25.114736709748719
1 33.858046875879211 41.815089404923469
2 56.480893601790058 47.598303955694860
3 60.268444105693618 46.300412974306028
4 70.985877250562851 27.737274240669763
5 71.457709721840772 25.114736709748719
6 70.437258611535412 21.541963822052821
7 64.236698738132532 10.802279085946225
8 54.371588323470689 6.284593374525002
9 35.293830315062166 10.901233879904908
0 5
2 9
1 8
6 7
3 4
186 186 186 186
10
0 25.769811514854631 25.114736709748719
1 33.878843005446299 41.779069451912392
2 56.451687403253572 47.547717335933726
3 60.306253810637770 46.234924644323542
4 70.994389201271986 27.722531109570014
5 71.437994811003321 25.114736709748719
6 70.469997380343671 21.598669033006104
7 64.510460103702314 11.276447680262550
8 54.346833237541034 6.327470441100786
9 35.326335165461728 10.957533932289380
0 5
2 9
1 8
6 7
3 4
187 187 187 187
10
0 25.896656626056274 25.114736709748719
1 33.899636907388413 41.743053357261033
2 56.422480236027582 47.497129038353137
3 60.346413033467400 46.165366829990035
4 71.002903858020943 27.707783291471856
5 71.418279225029949 25.114736709748719
6 70.340808223160934 21.374906848978526
7 64.777159774152494 11.738385059844177
8 54.315894234594396 6.381058366139882
9 35.357836570431914 11.012095966207539
0 5
2 9
1 8
6 7
3 4
188 188 188 188
10
0 26.023503315563872 25.114736709748719
1 33.920430789856198 41.707037296340218
2 56.393272963733125 47.446540558788683
3 60.386570975360371 46.095811234304051
4 71.086865537135623 27.562357397356323
5 71.397866486347468 25.114736709748719
6 70.100378830983914 20.958470926094947
7 64.808472069879485 11.792619546944934
8 54.309658897850852 6.391858286182128
9 35.364989047395227 11.024484419707960
0 5
2 9
1 8
6 7
3 4
189 189 189 189
10
0 26.150347703007160 25.114736709748719
1 33.941224291566471 41.671021894910723
2 56.364066521802670 47.395953517456746
3 60.426728643883791 46.026256112107944
4 71.179085532293300 27.402627680269575
5 71.377194043632301 25.114736709748719
6 69.859957801143651 20.542049487203712
7 64.836916832011525 11.841887320166848
8 54.315779379047456 6.381257301782739
9 35.372141787193357 11.036873328451634
0 5
2 9
1 8
6 7
3 4
190 190 190 190
10
0 26.277192691359513 25.114736709748719
1 33.962020524379284 41.635001763072978
2 56.334860390310666 47.345367013820123
3 60.466886928756139 45.956699922364351
4 71.195087520330787 27.374911423966523
5 71.305358158898258 25.114736709748719
6 69.619542157144224 20.125637376862301
7 64.865361928519860 11.891155672545437
8 54.321899850291288 6.370656334622254
9 35.379295293178131 11.049263564269495
0 5
2 9
1 8
6 7
3 4
191 191 191 191
10
0 26.404039399160961 25.114736709748719
1 33.982814371266954 41.598985763778728
2 56.304980286785508 47.293613156379024
3 60.507044057995415 45.887145734235787
4 71.157153727699722 27.440614680127283
5 71.220002711016065 25.114736709748719
6 69.118456966374197 19.257732367528206
7 64.893806977108113 11.940423941924109
8 54.318150128131833 6.377151043916683
9 35.397352183315036 11.080539015413365
0 5
2 9
1 8
6 7
3 4
192 192 192 192
10
0 26.530884113041637 25.114736709748719
1 34.003609271704420 41.562967939682608
2 56.273623461069178 47.239301541074383
3 60.547203779982851 45.817587055335594
4 71.116462036494170 27.511094756741159
5 71.134647019011155 25.114736709748719
6 68.638272294636238 18.426028119062266
7 64.922252070761544 11.989692289357890
8 54.295429777181425 6.416503846128535
9 35.394560084963814 11.075702959209366
0 5
2 9
1 8
6 7
3 4
193 193 193 193
10
0 26.657730871080755 25.114736709748719
1 34.016768457114040 41.540175561966976
2 56.242266673007805 47.184989990989834
3 60.674289510763060 45.597468112707361
4 71.075765313824093 27.581583548107346
5 71.049291096105037 25.114736709748719
6 68.584879285957584 18.333548715261941
7 64.950697147136964 12.038960606865203
8 54.288977229155478 6.427679987147826
9 35.391767638942611 11.070866300823127
0 5
2 9
1 8
6 7
3 4
194 194 194 194
10
0 26.786084814909888 25.114736709748719
1 34.029178102384321 41.518681425854993
2 56.205485345887951 47.121282863648503
3 61.006549997765148 45.021976067872060
4 71.035071023791659 27.652068126021504
5 70.960601391915830 25.114736709748719
6 68.531496894248448 18.241087700592061
7 64.979141965329120 12.088228477186135
8 54.299031704599543 6.410265124835178
9 35.388976250241228 11.066031473768703
0 5
2 9
1 8
6 7
3 4
195 195 195 195
10
0 26.914602077697925 25.114736709748719
1 34.041586731378914 41.497189049984058
2 56.157244434331631 47.037727153829564
3 61.194024522342488 44.697260666179318
4 70.994373770778168 27.722557835969269
5 70.860706399819463 25.114736709748719
6 68.478103596837968 18.148607796693568
7 65.032417034071329 12.180503603024363
8 54.309085941720525 6.392850675310342
9 35.386183640191632 11.061194531277124
0 5
2 9
1 8
6 7
3 4
196 196 196 196
10
0 27.043118968895801 25.114736709748719
1 34.053996592253498 41.475694540434461
2 56.103677594024191 46.944946664816030
3 61.305636512193132 44.503943029024185
4 70.953679498934491 27.793042382379554
5 70.760818885294526 25.114736709748719
6 68.424710792321378 18.056128746512286
7 65.142773892095704 12.371647288086251
8 54.319140207381452 6.375436176352764
9 35.383391388672294 11.056358209778068
0 5
2 9
1 8
6 7
3 4
197 197 197 197
12
0 27.171634372346666 25.114736709748719
1 34.066404905703621 41.454202711102539
2 56.050110157915412 46.852165143844445
3 61.355394448356265 44.417759755509906
4 70.873769514221067 27.931450535935255
5 70.660930752057055 25.114736709748719
6 68.371315180814179 17.963644834480533
7 66.848430674229803 15.325931495016903
8 66.155766685459582 14.126202273893568
9 65.253130206523622 12.562790031611371
10 54.329194449633292 6.358021717940915
11 35.380598724343145 11.051521173271567
0 5
2 11
1 10
6 7
8 9
3 4
198 198 198 198
12
0 27.300151468694349 25.114736709748719
1 34.085525929230698 41.421084126860933
2 55.996544842110211 46.759387295346414
3 61.405151746102547 44.331577587765992
4 70.785549021206577 28.084252912105171
5 70.561045215768772 25.114736709748719
6 67.980307649899316 17.286399924793955
7 67.104598832721194 15.769627760805406
8 65.834853512867369 13.570364354145795
9 65.363487070366261 12.753933726750915
10 54.332821041745945 6.351740276143573
11 35.377807781917454 11.046687119189187
0 5
2 11
1 10
6 7
8 9
3 4
199 199 199 199
10
0 27.428665016442316 25.114736709748719
1 34.116750229810805 41.367002051825352
2 55.942978213587821 46.666607173155398
3 61.461046167205723 44.234765610555655
4 70.661024257666099 28.299936129357775
5 70.461157352482715 25.114736709748719
6 67.572517144317885 16.580086050282716
7 67.150777687601817 15.849611883694024
8 54.304659973321918 6.400516677449332
9 35.375015139532024 11.041850120690242
0 5
2 9
1 8
6 7
3 4
200 200 200 200
8
0 27.557182110900026 25.114736709748719
1 34.167003955631515 41.279960045434336
2 55.889412842241370 46.573829228457157
3 61.533788918889172 44.108771468757482
4 70.324174618820393 28.883376818349802
5 70.361269475343292 25.114736709748719
6 54.247410346340587 6.499675940095472
7 35.372222837844049 11.037013712296584
0 5
2 7
1 6
3 4
201 201 201 201
8
0 27.685698556283921 25.114736709748719
1 34.217782210915914 41.192009527361961
2 55.841516836920277 46.490870913761341
3 61.606530049367166 43.982780134969630
4 69.987320885302722 29.466824599521601
5 70.261381097193208 25.114736709748719
6 54.190160630142998 6.598835357268513
7 35.369614100829551 11.032495247243901
0 5
2 7
1 6
3 4
202 202 202 202
8
0 27.814214241052959 25.114736709748719
1 34.268124122995232 41.104814777890397
2 55.811015375307761 46.438040832543379
3 61.679271129368828 43.856788888609344
4 69.739156313019009 29.896658247355617
5 70.163149153897123 25.114736709748719
6 54.132911178605582 6.697994316036784
7 35.396946272069101 11.079835956511943
0 5
2 7
1 6
3 4
203 203 203 203
8
0 27.942731239339050 25.114736709748719
1 34.301563519342324 41.046896044442860
2 55.780512399216093 46.385208128170575
3 61.752014675903411 43.730793370088691
4 69.620225849826340 30.102651852173040
5 70.204068877962200 25.114736709748719
6 54.075249354806374 6.797867524514118
7 35.469274006472233 11.205111267294569
0 5
2 7
1 6
3 4
204 204 204 204
8
0 28.071245039790757 25.114736709748719
1 34.374957820730799 40.919773385452004
2 55.750012377977157 46.332380541752855
3 61.811887104888683 43.627091281113621
4 69.501307237415006 30.308624930834981
5 70.244988789986166 25.114736709748719
6 54.016653777099521 6.899358042201243
7 35.544015150006601 11.334566725311902
0 5
2 7
1 6
3 4
205 205 205 205
8
0 28.199762037835622 25.114736709748719
1 34.460262987731369 40.772020502058922
2 55.719510811983696 46.279550279741784
3 61.851941390845695 43.557715222775187
4 69.382389018186871 30.514597328483774
5 70.285907806606019 25.114736709748719
6 53.958057201664872 7.000850288003562
7 35.618756909985393 11.464023251042249
0 5
2 7
1 6
3 4
206 206 206 206
8
0 28.305533954852237 25.114736709748719
1 34.496792627083948 40.708749310718076
2 55.672203870295562 46.197612253187117
3 61.946516391090029 43.393906517226242
4 69.263458976018285 30.720590204066070
5 70.326823519319291 25.114736709748719
6 53.899460354713085 7.102343004087402
7 35.693499628032896 11.593481436196384
0 5
2 7
1 6
3 4
207 207 207 207
8
0 28.365226185743051 25.114736709748719
1 34.533321921594393 40.645478716661273
2 55.613060279210856 46.095172548486403
3 62.041089315133831 43.230101407761936
4 69.144540915748394 30.926562326391036
5 70.346926297656296 25.114736709748719
6 53.862982135564039 7.165525133023152
7 35.768241215089859 11.722937662417394
0 5
2 7
1 6
3 4
208 208 208 208
8
0 28.424917828294145 25.114736709748719
1 34.569853656543160 40.582203895641328
2 55.553917634321408 45.992734482643868
3 62.135663184150360 43.066294661556867
4 69.025614263957209 31.132549329667427
5 70.251599251554893 25.114736709748719
6 53.824079036230103 7.232907277641402
7 35.800260506287884 11.778396701594716
0 5
2 7
1 6
3 4
209 209 209 209
8
0 28.484609857846401 25.114736709748719
1 34.606382017823137 40.518934917987167
2 55.516763537466659 45.928381699182069
3 62.230234819034138 42.902491784983340
4 68.906694397517697 31.338524580370063
5 70.156279878698925 25.114736709748719
6 53.743997425977511 7.371612695350905
7 35.814487136919581 11.803037948669271
0 5
2 7
1 6
3 4
210 210 210 210
8
0 28.544302290439923 25.114736709748719
1 34.659085529209960 40.427649758527991
2 55.482330565711891 45.868742042647227
3 62.324807669622714 42.738686802747338
4 68.787770935281458 31.544506059175092
5 70.091421036642728 25.114736709748719
6 53.682317490067305 7.478445478154981
7 35.828713115212679 11.827678065860368
0 5
2 7
1 6
3 4
211 211 211 211
8
0 28.603994034343120 25.114736709748719
1 34.752353969201351 40.266104081720187
2 55.447898655365577 45.809104224525754
3 62.419379782962210 42.574883097464181
4 68.658526996339049 31.768363127993666
5 70.032678539534857 25.114736709748719
6 53.669153599911226 7.501246004730547
7 35.842939418274568 11.852318745567345
0 5
2 7
1 6
3 4
212 212 212 212
10
0 28.641694479246908 25.114736709748719
1 34.845622631143272 40.104558020482841
2 55.413466921083852 45.749466711357059
3 62.513952606055568 42.411078162851254
4 67.649260458232504 33.516464050373429
5 67.678721623826334 33.465435814714624
6 68.481430110472957 32.075103932175921
7 69.911879399056943 25.114736709748719
8 53.655989681372375 7.524046580466575
9 35.860156407660099 11.882139445936446
0 7
2 9
1 8
3 4
5 6
213 213 213 213
10
0 28.676986393666038 25.114736709748719
1 34.899596852753405 40.011071926355044
2 55.379034108457972 45.689827330441631
3 62.670194404890537 42.140459429003158
4 67.467232127909369 33.831746366910011
5 68.244908016186116 32.484772216593342
6 68.315328030933131 32.362801173181879
7 69.260511497680326 25.114736709748719
8 53.642824723861850 7.546848955754285
9 35.888845612816567 11.931830606896256
0 7
2 9
1 8
3 4
5 6
214 214 214 214
8
0 28.766546633398129 25.114736709748719
1 34.949449693855058 39.924724272665458
2 55.344602403657575 45.630189868336060
3 62.704675599223947 42.080736248512039
4 67.305925404943309 34.111137806689612
5 68.678863927279707 25.114736709748719
6 53.629660927131511 7.569649320511758
7 35.964511449621455 12.062887680639506
0 5
2 7
1 6
3 4
215 215 215 215
8
0 28.970471740591424 25.114736709748719
1 34.999302633469881 39.838376448345798
2 55.310171000493199 45.570552928679490
3 62.794737198670759 41.924744982459288
4 67.110690946914588 34.449293807383583
5 68.550265998671350 25.114736709748719
6 53.616497026401760 7.592449865401363
7 36.058458738818899 12.225609158762950
0 5
2 7
1 6
3 4
216 216 216 216
8
0 29.174397758782057 25.114736709748719
1 35.049154649271770 39.752030224117220
2 55.284894331376222 45.526772453522881
3 62.884798621685547 41.768754021995733
4 66.915440456350950 34.787477577242498
5 68.427346508081428 25.114736709748719
6 53.603332919647187 7.615250767136558
7 36.152405453349161 12.388329641533460
0 5
2 7
1 6
3 4
217 217 217 217
8
0 29.378289106165056 25.114736709748719
1 35.099008174602545 39.665681385307948
2 55.270988453245707 45.502686766076863
3 62.974859463131168 41.612764068839397
4 66.720191238757934 35.125659142251720
5 68.305227918648939 25.114736709748719
6 53.572014154947624 7.669496458826529
7 36.246351894058193 12.551049650031700
0 5
2 7
1 6
3 4
218 218 218 218
8
0 29.551209653970634 25.114736709748719
1 35.148860730824424 39.579334225044363
2 55.256936916761447 45.478348790961718
3 63.064920695847547 41.456773437982292
4 66.524947243696602 35.463831661570680
5 68.183107223545534 25.114736709748719
6 53.533758154736006 7.735757794887377
7 36.340299213687729 12.713771180865024
0 5
2 7
1 6
3 4
219 219 219 219
8
0 29.724126504453931 25.114736709748719
1 35.198713170623023 39.492987266432010
2 55.209046262290542 45.395399744210408
3 63.154978952917077 41.300787961096830
4 66.209854070265123 36.009589047072154
5 68.060988797630714 25.114736709748719
6 53.421987974714114 7.929349425456394
7 36.434244012203237 12.876488345000780
0 5
2 7
1 6
3 4
220 220 220 220
8
0 29.897047175937352 25.114736709748719
1 35.248566687338894 39.406638442544136
2 55.161154675481725 45.312449082602484
3 63.245039766202353 41.144798056715786
4 65.781182860453043 36.752069362208658
5 68.061623282645300 25.114736709748719
6 53.283099483582589 8.169911348682831
7 36.494343423788280 12.980583579371000
0 5
2 7
1 6
3 4
221 221 221 221
8
0 29.960027528753766 25.114736709748719
1 35.297082470687599 39.322606640815138
2 55.113263571389098 45.229499257083376
3 63.335103409972419 40.988803249791317
4 65.352488999958211 37.494588909478580
5 68.078504601641527 25.114736709748719
6 53.143230134551061 8.412172167627091
7 36.548814364956399 13.074930017010274
0 5
2 7
1 6
3 4
222 222 222 222
8
0 29.960316278276586 25.114736709748719
1 35.322246418241036 39.279021405133676
2 55.065371928508114 45.146548498355628
3 63.425163780479465 40.832814112324513
4 65.157421740458233 37.832455313825790
5 68.033277007576757 25.114736709748719
6 52.985865503253251 8.684735704349123
7 36.604594910472713 13.171544755918489
0 5
2 7
1 6
3 4
223 223 223 223
8
0 29.960606699097958 25.114736709748719
1 35.347411339643998 39.235434482695155
2 55.017480937206301 45.063598868196095
3 63.515225837283140 40.676822054106424
4 64.713438665646038 38.601456557101187
5 67.979557466349902 25.114736709748719
6 52.828500250446268 8.957300317556701
7 36.660495991538255 13.268368268521954
0 5
2 7
1 6
3 4
224 224 224 224
8
0 29.995584506691277 25.114736709748719
1 35.431203659853793 39.090301926807683
2 54.969590139125671 44.980649572705374
3 63.605284339145442 40.520836153227378
4 64.577475513492573 38.836951644588112
5 67.925840446353249 25.114736709748719
6 52.671138445318263 9.229858959209196
7 36.716396161249236 13.365190202613121
0 5
2 7
1 6
3 4
225 225 225 225
8
0 30.036014123507748 25.114736709748719
1 35.486489471340860 38.994544092374440
2 54.921698412709020 44.897698669289639
3 63.695344879137338 40.364846722204334
4 64.441517774722286 39.072437355820398
5 67.741997990894319 25.114736709748719
6 52.513773656828334 9.502422768196197
7 36.772297899207047 13.462014852987522
0 5
2 7
1 6
3 4
226 226 226 226
6
0 30.083649182565843 25.114736709748719
1 35.548293286905562 38.887496743714792
2 54.873806435997778 44.814747332350748
3 67.528880920958585 25.114736709748719
4 52.356408435794890 9.774987326370365
5 36.828199634961493 13.558839499545456
0 3
2 5
1 4
227 227 227 227
6
0 30.172259434913631 25.114736709748719
1 35.610098123437467 38.780447626687987
2 54.825915911234006 44.731798510258841
3 67.315762525245390 25.114736709748719
4 52.198319877260644 10.048804741846993
5 36.884100711654128 13.655663004574876
0 3
2 5
1 4
228 228 228 228
6
0 30.260870793628754 25.114736709748719
1 35.671903136581079 38.673398203760826
2 54.765339812705577 44.626877629883211
3 67.102643584645804 25.114736709748719
4 52.157741960755345 10.119087754899397
5 36.951038471767163 13.771602606035458
0 3
2 5
1 4
229 229 229 229
6
0 30.441222984625291 25.114736709748719
1 35.733704964720573 38.566354297422663
2 54.695580719301006 44.506051335816551
3 66.889528631860045 25.114736709748719
4 52.069754147534468 10.271487117844913
5 37.055190736447685 13.951999620185575
0 3
2 5
1 4
230 230 230 230
6
0 30.732694952025422 25.114736709748719
1 35.795509901490107 38.459305006779232
2 54.646467187233895 44.420984202937234
3 66.676407971705373 25.114736709748719
4 51.977643939522807 10.431026678016906
5 37.159343970036616 14.132398312534178
0 3
2 5
1 4
231 231 231 231
6
0 31.078654152815126 25.114736709748719
1 35.857314176699333 38.352256861991918
2 54.599527578890445 44.339682416398887
3 66.524667773948138 25.114736709748719
4 51.885533893366983 10.590565957846252
5 37.263498223083900 14.312798770636391
0 3
2 5
1 4
232 232 232 232
6
0 31.424613488257265 25.114736709748719
1 35.919118929378953 38.245207890201527
2 54.555893420344660 44.264105836852195
3 66.389197574154068 25.114736709748719
4 51.793423963974817 10.750105035435126
5 37.367651739560642 14.493197952961168
0 3
2 5
1 4
233 233 233 233
6
0 31.770573333796065 25.114736709748719
1 35.996708195879933 38.110819338499823
2 54.513568239211395 44.190796472689840
3 66.253729008579029 25.114736709748719
4 51.701313151186582 10.909645643110821
5 37.471806233899429 14.673598828992567
0 3
2 5
1 4
234 234 234 234
6
0 31.950019153520994 25.114736709748719
1 36.134570701125085 37.872034474956536
2 54.471243264184807 44.117487465514614
3 66.210449476811647 25.114736709748719
4 51.609204784685801 11.069182013692284
5 37.575957399647336 14.853993939735460
0 3
2 5
1 4
235 235 235 235
6
0 32.011699229232931 25.114736709748719
1 36.192000470732978 37.772563196128658
2 54.428917966301810 44.044177899135775
3 66.171560951242682 25.114736709748719
4 51.517095109404238 11.228720651148592
5 37.680111592860044 15.034394294201206
0 3
2 5
1 4
236 236 236 236
6
0 32.073380649634473 25.114736709748719
1 36.249430558074266 37.673091366970425
2 54.386591662650062 43.970866590714422
3 66.132668390652313 25.114736709748719
4 51.402440749110042 11.427307828487415
5 37.804403405544633 15.249674028735740
0 3
2 5
1 4
237 237 237 237
6
0 32.135059406397914 25.114736709748719
1 36.306861035573434 37.573618862038870
2 54.344266236610224 43.897556802361350
3 66.093778739388341 25.114736709748719
4 51.240186284904894 11.708340804245609
5 37.946987808863014 15.496637459650174
0 3
2 5
1 4
238 238 238 238
6
0 32.196743081829133 25.114736709748719
1 36.365147116714923 37.472664408127798
2 54.301940842556064 43.824247069409239
3 66.054886765997409 25.114736709748719
4 51.173769725389775 11.823377659789799
5 38.030046613648381 15.640499529554290
0 3
2 5
1 4
239 239 239 239
6
0 32.358242522169789 25.114736709748719
1 36.423607094709496 37.371408756031769
2 54.232750781610662 43.704406368472974
3 65.801544461836514 25.114736709748719
4 51.107735926074497 11.937751555220643
5 38.093454499347843 15.750325209186258
0 3
2 5
1 4
240 240 240 240
6
0 32.588834133547820 25.114736709748719
1 36.552894789171489 37.147475900430209
2 54.151763866382566 43.564132916549624
3 65.227249521993087 25.114736709748719
4 51.054024610037516 12.030782283538088
5 38.175296662413587 15.892079993817447
0 3
2 5
1 4
241 241 241 241
6
0 32.903740267455660 25.114736709748719
1 36.685549651499684 36.917710939006724
2 54.070775896830014 43.423857638482787
3 64.846936954305136 25.114736709748719
4 50.999478182034863 12.125259468210061
5 38.267567952791296 16.051898556831702
0 3
2 5
1 4
242 242 242 242
6
0 33.412676222553017 25.114736709748719
1 36.836519516138083 36.656223463041215
2 54.009491032538563 43.317709139795056
3 64.608839051272838 25.114736709748719
4 50.938391688216882 12.231064379159079
5 38.359838157812817 16.211715239953719
0 3
2 5
1 4
243 243 243 243
6
0 33.789965209885686 25.114736709748719
1 36.997941095653630 36.376633085882190
2 53.950936073610706 43.216288975896873
3 64.412669572063990 25.114736709748719
4 50.877305242100306 12.336869207486757
5 38.452108571338158 16.371532284214936
0 3
2 5
1 4
244 244 244 244
6
0 34.055718948966842 25.114736709748719
1 37.176567842360214 36.067242484995631
2 53.892381264666881 43.114869071778685
3 64.224668585944713 25.114736709748719
4 50.816220095903645 12.442671784287199
5 38.582098254808500 16.596681020445430
0 3
2 5
1 4
245 245 245 245
6
0 34.184047540830491 25.114736709748719
1 37.355198487010341 35.757845132672969
2 53.833826411668497 43.013449091355710
3 64.044546372224588 25.114736709748719
4 50.748369979001893 12.560191634060516
5 38.712143341807860 16.821925718403008
0 3
2 5
1 4
246 246 246 246
6
0 34.312375245341784 25.114736709748719
1 37.521992347897935 35.468949691225021
2 53.775271219883678 42.912028524137440
3 63.864417295936825 25.114736709748719
4 50.675259701418156 12.686822349390923
5 38.825297713644602 17.017914839522746
0 3
2 5
1 4
247 247 247 247
6
0 34.440707058596132 25.114736709748719
1 37.702790904708536 35.155797404893974
2 53.725113614918371 42.825153003951641
3 63.684292872548973 25.114736709748719
4 50.602149230418888 12.813453399726995
5 38.938453186036497 17.213905866859932
0 3
2 5
1 4
248 248 248 248
6
0 34.594357358711910 25.114736709748719
1 37.883587640914470 34.842648271942608
2 53.711939094502213 42.802334065225409
3 63.513078265654926 25.114736709748719
4 50.529039286125453 12.940083537781788
5 39.051607164434131 17.409894306523256
0 3
2 5
1 4
249 249 249 249
6
0 34.888464191960367 25.114736709748719
1 38.064383952507228 34.529499874442990
2 53.698763789572638 42.779513767682261
3 63.347732260934912 25.114736709748719
4 50.457837542731511 13.063408574927507
5 39.164759661267624 17.605880180042163
0 3
2 5
1 4
250 250 250 250
6
0 35.349995064981769 25.114736709748719
1 38.245180446426502 34.216351161144416
2 53.685589572369111 42.756695354135786
3 63.182381932945844 25.114736709748719
4 50.389701800529167 13.181423142233484
5 39.311437158038530 17.859933056776413
0 3
2 5
1 4
251 251 251 251
6
0 35.957899002275710 25.114736709748719
1 38.425978968670506 33.903198934684383
2 53.686768067186222 42.758736567035385
3 63.017033583647731 25.114736709748719
4 50.321565685486007 13.299438355318557
5 39.519364357167092 18.220073529942511
0 3
2 5
1 4
252 252 252 252
6
0 36.517721553533896 25.114736709748719
1 38.606777674853788 33.590046389632334
2 53.673932029810658 42.736503898133151
3 62.851681909783572 25.114736709748719
4 50.253430012833121 13.417452802161165
5 39.672566806268037 18.485427955629348
0 3
2 5
1 4
253 253 253 253
6
0 36.663629152944829 25.114736709748719
1 38.787573738878734 33.276898420932525
2 53.649389900747963 42.693995683670664
3 62.692655310353942 25.114736709748719
4 50.185848533955777 13.534507357227426
5 39.877383605303578 18.840181057802511
0 3
2 5
1 4
254 254 254 254
6
0 36.809533432382139 25.114736709748719
1 38.968368609340018 32.963752519545892
2 53.624846045081199 42.651484478642146
3 62.544492289080189 25.114736709748719
4 50.146126687135450 13.603307614090681
5 40.082196868717858 19.194928036100123
0 3
2 5
1 4
255 255 255 255
6
0 36.997016364622262 25.114736709748719
1 39.285010035260882 32.415313482069791
2 53.600302565295124 42.608973924658130
3 62.387961274818977 25.114736709748719
4 50.106404282425217 13.672108837247606
5 40.287013739752922 19.549681262980016
0 3
2 5
1 4
256 256 256 256
6
0 40.573715664405483 20.046263563106095
1 37.198484465213149 25.114736709748719
2 39.410787802453797 32.197459998829117
3 53.548468406022550 42.519194527230411
4 62.221433961733418 25.114736709748719
5 50.066682243572927 13.740909426720009
1 4
0 3
2 5
257 257 257 257
6
0 37.411827081935371 25.114736709748719
1 39.542096951152075 31.970025881785091
2 53.489891605576872 42.417736532713775
3 62.054907674147934 25.114736709748719
4 50.043917714963754 13.780338746881398
5 40.732585268421985 20.321433789040952
0 3
2 5
1 4
258 258 258 258
0
259 259 259 259
6
0 37.646963921464923 25.114736709748719
1 39.604615059466767 31.861741341791003
2 53.389009396901884 42.243003421708863
3 61.888380589831833 25.114736709748719
4 50.024651630233677 13.813708584496908
5 40.891453421897211 20.596601502564795
0 3
2 5
1 4
260 260 260 260
6
0 38.945887684342892 25.114736709748719
1 39.667133997302926 31.753455365023456
2 53.197679363799523 41.911610083361666
3 61.731538724616051 25.114736709748719
4 49.901053146512425 14.027787438040605
5 41.050318179810972 20.871763334803518
0 3
2 5
1 4
261 261 261 261
6
0 41.209186363199365 21.146931100138431
1 39.809004854849455 25.114736709748719
2 39.729652944438214 31.645169372149439
3 52.961491227346528 41.502520230880123
4 61.663169909001866 25.114736709748719
5 49.227997977095299 15.193553187767861
1 4
0 3
2 5
262 262 262 262
6
0 41.369383759605455 21.424401129953935
1 40.207041106959309 25.114736709748719
2 40.744615841753330 29.887202066202349
3 52.711711330610456 41.069888759023911
4 61.594801613703503 25.114736709748719
5 49.068434918299999 15.469924512612465
1 4
0 3
2 5
263 263 263 263
6
0 41.501435921619702 21.653122183812002
1 40.414877957134635 25.114736709748719
2 40.963685688295925 29.507761961584265
3 52.461931466543490 40.637257343752367
4 61.526433129502500 25.114736709748719
5 48.920967049244155 15.725346354301109
1 4
0 3
2 5
264 264 264 264
6
0 40.575979700819580 25.114736709748719
1 41.190176309448020 29.115468698311020
2 52.212150581113178 40.204624159427453
3 61.458065918654761 25.114736709748719
4 48.830269196138886 15.882439644016813
5 41.633485814744574 21.881839307838277
0 3
2 5
1 4
265 265 265 265
6
0 40.737076774094930 25.114736709748719
1 41.437083176307226 28.687813460173288
2 52.016417135421079 39.865603886748204
3 61.389695895735855 25.114736709748719
4 48.644797398196943 16.203686221423482
5 41.852969051199636 22.261995424788097
0 3
2 5
1 4
266 266 266 266
0
267 267 267 267
6
0 41.074396443846751 25.114736709748719
1 41.683998611415518 28.260143381392595
2 51.832123726922646 39.546398339728853
3 61.284458858870302 25.114736709748719
4 48.455881600620955 16.530897981177418
5 42.317835899845250 23.067168425396744
0 3
2 5
1 4
268 268 268 268
8
0 42.500893245583370 23.384233048913870
1 41.830106011410635 25.114736709748719
2 41.930911031020855 27.832478525616466
3 51.614299561728160 39.169115818495698
4 61.174984789422687 25.114736709748719
5 48.266966494445171 16.858108543391154
6 48.162215993908319 17.039541732439261
7 48.080386918930799 17.181273847836678
1 4
0 3
2 5
6 7
269 269 269 269
6
0 42.708190591948039 23.743282585091720
1 42.330224518891612 25.114736709748719
2 42.176519304318219 27.407072517506208
3 51.335377936934776 38.686009393024051
4 60.905085253443652 25.114736709748719
5 47.810654299419127 17.648464449289577
1 4
0 3
2 5
270 270 270 270
6
0 42.921622692915321 24.112957827933201
1 42.678692560689186 25.114736709748719
2 42.280235020567602 27.227431627418810
3 51.034485989372911 38.164849252258477
4 60.286535345326136 25.114736709748719
5 47.307324459583640 18.520257304850134
1 4
0 3
2 5
271 271 271 271
6
0 43.147322324051856 24.503881056311229
1 43.013593467116216 25.114736709748719
2 42.385149382562531 27.045714621999991
3 50.739252531656859 37.653489903400100
4 59.860524354794663 25.114736709748719
5 46.879338736647242 19.261550321890127
1 4
0 3
2 5
272 272 272 272
8
0 43.162468563289679 25.699358307282751
1 43.124533681849073 25.765063449317040
2 42.508573168443547 26.831938353991518
3 50.262960794055289 36.828528414648872
4 59.584772644512420 25.114736709748719
5 46.552840828089700 19.827061288076720
6 43.373024697832307 24.894809035087860
7 43.324878186093279 25.114736709748719
4 7
3 6
0 1
2 5
273 273 273 273
6
0 43.837665781532166 24.529882420157605
1 43.697817383356622 25.114736709748719
2 43.644751800678421 25.365454183010797
3 49.685058649482130 35.827572538445111
4 59.309020055645355 25.114736709748719
5 45.844296185327437 21.054296608771665
1 4
2 3
0 5
274 274 274 274
6
0 45.334751163255362 21.936854475744440
1 44.288545950935600 23.748935058625534
2 44.115094517880941 25.114736709748719
3 43.946998114928817 25.888960155692985
4 49.116927547652097 34.843540604715486
5 58.983115026193204 25.114736709748719
2 5
3 4
0 1
275 275 275 275
0
276 276 276 276
0
277 277 277 277
6
0 45.289737881734141 22.014819766354549
1 44.421207173449091 23.519159081037969
2 44.540660045704129 25.114736709748719
3 44.216909145951831 26.356459774948121
4 48.550877170581657 33.863112591985896
5 58.548376884691116 25.114736709748719
2 5
3 4
0 1
278 278 278 278
0
279 279 279 279
6
0 44.580584273159843 23.243109846775951
1 44.966214736414848 25.114736709748719
2 44.457853066848941 26.773786887716824
3 48.373345666888895 33.555619007645987
4 58.096555544070839 25.114736709748719
5 45.105857711495219 22.333309563712760
1 4
2 3
0 5
280 280 280 280
6
0 44.742555293253645 22.962567810619817
1 45.391781017207656 25.114736709748719
2 45.062786832268841 27.821562904637972
3 48.291531289259865 33.413912348802796
4 57.559725052787108 25.114736709748719
5 44.895199292938003 22.698180647695949
1 4
2 3
0 5
281 281 281 281
4
0 45.578938886834862 28.715564487577353
1 45.971096128430588 29.394800754577204
2 57.022890610103254 25.114736709748719
3 45.811756328929413 25.114736709748719
2 3
0 1
282 282 282 282
2
0 47.668724507841887 32.335179360088432
1 47.190332743578722 31.506580518462101
0 1
283 283 283 283
0
284 284 284 284
0
285 285 285 285
2
0 46.193665559133294 25.114736709748719
1 47.867198735556826 25.114736709748719
0 1
286 286 286 286
0
287 287 287 287
0
288 288 288 288
2
0 54.100316324927476 25.114736709748719
1 56.272049431714677 25.114736709748719
0 1
289 289 289 289
2
0 50.188891580271843 25.114736709748719
1 51.518222997026832 25.114736709748719
0 1
290 290 290 290
0
291 291 291 291
2
0 46.384614548006695 25.114736709748719
1 47.292345028743668 25.114736709748719
0 1
292 292 292 292
0
293 293 293 293
0
294 294 294 294
0
295 295 295 295
0
296 296 296 296
2
0 46.692696816996651 25.114736709748719
1 46.881026320664368 25.114736709748719
0 1
297 297 297 297
0
298 298 298 298
0
299 299 299 299
0
300 300 300 300
0
301 301 301 301
0
